0,98.4141,98.4141,100.7667,100.7667
0.00595238095238095,98.4121487793581,98.4118073751119,100.764703586292,100.764354415498
0.0119047619047619,98.4100820491889,98.4093720149852,100.762591558994,100.761865945843
0.0178571428571429,98.4079104184601,98.4068078232659,100.760374623702,100.759248282894
0.0238095238095238,98.4056438921023,98.4041272047177,100.758062451513,100.756514148375
0.0297619047619048,98.4032918803717,98.4013423399566,100.755664023667,100.753674992043
0.0357142857142857,98.4008619306728,98.3984632154656,100.753187592991,100.750741345069
0.0416666666666667,98.3983625973124,98.3954997332927,100.750640678633,100.747722376222
0.0476190476190476,98.3957993917019,98.3924597332231,100.748029613156,100.744627643283
0.0535714285714286,98.3931809485462,98.3893522230476,100.74536285444,100.741463273855
0.0595238095238095,98.390511558358,98.386185078309,100.742645209985,100.73823969147
0.0654761904761905,98.3877964312694,98.3829629838987,100.739880982423,100.734960067173
0.0714285714285714,98.3850396503849,98.3796944594465,100.737074564566,100.731633973366
0.0773809523809524,98.3822492192013,98.3763831482645,100.734234102007,100.728263812349
0.0833333333333333,98.3794247943467,98.3730342155974,100.731359599079,100.724856546358
0.0892857142857143,98.3765739080595,98.3696547104498,100.72845769067,100.721417668097
0.0952380952380952,98.3736990121624,98.3662438485818,100.725531880593,100.71794986237
0.101190476190476,98.3708000297822,98.3628104739282,100.722584078533,100.714456429525
0.107142857142857,98.3678849139145,98.3593568586011,100.719617246206,100.710940686191
0.113095238095238,98.3649542078216,98.355882128448,100.716633191659,100.707404989846
0.119047619047619,98.3620072748804,98.3523941326406,100.713634623205,100.703855044971
0.125,98.3590508360141,98.3488948197179,100.710624550306,100.700294158719
0.130952380952381,98.3560860913323,98.3453836341808,100.70760692716,100.696722331091
0.136904761904762,98.3531128526588,98.3418630910492,100.704581753766,100.693139288776
0.142857142857143,98.3501319153419,98.3383385415822,100.701548319689,100.689552280662
0.148809523809524,98.3471486095332,98.3348099857799,100.698510945862,100.685961689972
0.154761904761905,98.3441629352328,98.3312772681886,100.695471937806,100.682367516708
0.160714285714286,98.3411748924406,98.3277423703286,100.692431295521,100.678769498054
0.166666666666667,98.3381842872346,98.3242086527024,100.689388922501,100.675172826135
0.172619047619048,98.3351952521274,98.3206761153101,100.686345522864,100.671578152037
0.178571428571429,98.3322083462561,98.3171447581516,100.683304896985,100.66798547576
0.18452380952381,98.3292235696205,98.3136145609892,100.680267044864,100.664394797303
0.19047619047619,98.3262409222206,98.3100881885224,100.6772319665,100.660806963849
0.196428571428571,98.3232606700318,98.306567016063,100.674199661895,100.657224894222
0.202380952380952,98.3202852826521,98.303051043611,100.671170882721,100.653648651021
0.208333333333333,98.3173151040108,98.2995402711665,100.668147655693,100.650078234246
0.214285714285714,98.3143501341082,98.2960341412789,100.665130071978,100.646513643897
0.220238095238095,98.3113903729441,98.292534914278,100.662118131576,100.642955129996
0.226190476190476,98.3084358205185,98.2890431798589,100.659111834487,100.639405032043
0.232142857142857,98.3054859284293,98.2855589380217,100.65611118071,100.635862929318
0.238095238095238,98.3025425723978,98.2820814423988,100.653115639398,100.632328821821
0.244047619047619,98.2996064248242,98.2786124837431,100.650126884129,100.628802709554
0.25,98.2966774857084,98.2751522026882,100.647145626943,100.625284592516
0.255952380952381,98.2937557550505,98.2717008120061,100.644171933557,100.621774470706
0.261904761904762,98.2908419796815,98.2682581712887,100.641206260518,100.618271853036
0.267857142857143,98.2879359678869,98.2648263717863,100.638248298123,100.614777487168
0.273809523809524,98.2850374497402,98.2614038953035,100.635298046374,100.611292914238
0.279761904761905,98.2821464252416,98.2579901933401,100.632354686558,100.607818134247
0.285714285714286,98.2792628943909,98.2545852658959,100.629419277754,100.604353681542
0.291666666666667,98.2763889244549,98.251189112971,100.626492334058,100.600898810845
0.297619047619048,98.2735230705244,98.2478017345653,100.623574051459,100.597453439722
0.303571428571429,98.2706647253368,98.2444238088502,100.620664308452,100.594018409707
0.30952380952381,98.2678138888918,98.2410575566724,100.617762703596,100.590593821612
0.31547619047619,98.2649705611895,98.2377001560312,100.614869526209,100.587178543989
0.321428571428571,98.2621347422299,98.2343516069264,100.611986587942,100.58377257684
0.327380952380952,98.2593064706861,98.231011909358,100.609111375213,100.580375920164
0.333333333333333,98.2564886054705,98.2276810633261,100.606243888022,100.576988934291
0.339285714285714,98.2536781820145,98.2243590688306,100.603384126367,100.573612876191
0.345238095238095,98.2508752003179,98.2210454360674,100.600532090251,100.570245983859
0.351190476190476,98.2480796603807,98.2177403049724,100.597687779671,100.566888257297
0.357142857142857,98.2452915622031,98.214445044199,100.59485152412,100.563539696503
0.363095238095238,98.2425109057849,98.211159663322,100.592023533539,100.560200301479
0.369047619047619,98.2397380631446,98.2078845268473,100.589203494336,100.556871858749
0.375,98.2369749981647,98.2046184704158,100.586391537837,100.553552490925
0.380952380952381,98.2342191142387,98.2013614940275,100.583587822922,100.550242011263
0.386904761904762,98.2314704113668,98.1981157658589,100.580791834991,100.546940419762
0.392857142857143,98.2287288895488,98.1948793656316,100.578003574941,100.543647716423
0.398809523809524,98.2259945487848,98.1916512489589,100.575225260258,100.540365149767
0.404761904761905,98.2232673890748,98.1884314158407,100.572454026087,100.537091853179
0.410714285714286,98.2205472059646,98.1852198662771,100.569689872428,100.533827116412
0.416666666666667,98.2178339114435,98.1820166002681,100.566932799282,100.530570939466
0.422619047619048,98.2151283773639,98.1788218093478,100.564182806649,100.52732332234
0.428571428571429,98.2124307088343,98.1756383129701,100.561439894528,100.524083916399
0.43452380952381,98.209740370087,98.1724626820715,100.558704954151,100.520852882816
0.44047619047619,98.2070575992637,98.1692949166521,100.555978397228,100.517630919891
0.446428571428571,98.2043836392725,98.1661350167118,100.553258519509,100.5144176644
0.452380952380952,98.201716183901,98.1629829822507,100.550545320994,100.511215397721
0.458333333333333,98.199055233149,98.1598388132688,100.547838801682,100.508021123442
0.464285714285714,98.1964007870166,98.1567030969474,100.545138961574,100.504834609504
0.470238095238095,98.1937528455036,98.1535776509168,100.542445800669,100.501655855907
0.476190476190476,98.1911114086103,98.1504596648687,100.539760479374,100.498484862651
0.482142857142857,98.1884777990649,98.1473491388033,100.537082750585,100.495321629736
0.488095238095238,98.1858514231774,98.1442460727204,100.534411283105,100.492167318525
0.494047619047619,98.1832311550311,98.14115046662,100.531746076933,100.489022311258
0.5,98.1806169946261,98.1380623205023,100.529087132069,100.485884618175
0.505952380952381,98.1780089419624,98.1349813808125,100.526434448514,100.482754239274
0.511904761904762,98.17540699704,98.1319077078171,100.523788026267,100.479631174557
0.517857142857143,98.1728111598589,98.1288421578663,100.521147455087,100.476515424023
0.523809523809524,98.1702229414197,98.1257848451141,100.518513204577,100.473406987673
0.529761904761905,98.1676412232318,98.1227351721461,100.515885671922,100.470307323761
0.535714285714286,98.1650652650528,98.1196936779666,100.513264757203,100.467216053419
0.541666666666667,98.1624950668828,98.1166612195969,100.510650076631,100.464131722672
0.547619047619048,98.1599306287218,98.1136355678305,100.508042849438,100.46105433152
0.553571428571429,98.1573719505697,98.1106167226675,100.50544186711,100.457983879963
0.55952380952381,98.1548190324267,98.1076046841079,100.502846559297,100.454920368002
0.56547619047619,98.1522734968367,98.1045994521517,100.500256925997,100.451863795636
0.571428571428571,98.14973384242,98.1016010267989,100.497672967212,100.448815842027
0.577380952380952,98.1471996285437,98.0986110983963,100.49509468294,100.445775527649
0.583333333333333,98.1446708552078,98.0956285973386,100.492522331779,100.442741797095
0.589285714285714,98.1421475224123,98.0926525593574,100.489957212703,100.439714650364
0.595238095238095,98.1396296301572,98.0896829844526,100.487397421455,100.436694087458
0.601190476190476,98.1371171784424,98.0867198726242,100.484842958033,100.433680108376
0.607142857142857,98.1346118928912,98.0837632238723,100.482293822439,100.430672713118
0.613095238095238,98.1321119472761,98.0808130381967,100.479750014672,100.42767368737
0.619047619047619,98.1296171532836,98.0778711839666,100.477211534732,100.424681615007
0.625,98.1271275109137,98.0749360707405,100.474678865914,100.421695825315
0.630952380952381,98.1246430201665,98.0720071400993,100.472152750176,100.418716318292
0.636904761904762,98.122163681042,98.069084392043,100.469631689662,100.41574309394
0.642857142857143,98.1196895255192,98.0661678265716,100.467115684372,100.412776152258
0.648809523809524,98.1172222176128,98.0632574436853,100.464604734305,100.409815493246
0.654761904761905,98.1147598202468,98.0603532433838,100.462098839463,100.406863036709
0.660714285714286,98.1123023334213,98.0574573531256,100.459597999845,100.403916933991
0.666666666666667,98.1098497571362,98.0545676156857,100.457102846339,100.400976822691
0.672619047619048,98.1074020913917,98.0516837581764,100.45461366846,100.398042702806
0.678571428571429,98.1049593361876,98.0488057805978,100.452129311862,100.395114574338
0.68452380952381,98.1025216593965,98.0459336829499,100.449649776544,100.392192437286
0.69047619047619,98.1000899912485,98.0430674652325,100.447175062508,100.389276291651
0.696428571428571,98.0976630728347,98.0402071249266,100.444705169753,100.386368185257
0.702380952380952,98.0952409041552,98.0373521529018,100.442240098279,100.383465903041
0.708333333333333,98.0928234852099,98.034503584495,100.439779475996,100.380569343594
0.714285714285714,98.0904108159988,98.0316608990942,100.437323519071,100.377678506919
0.720238095238095,98.088002896522,98.0288242411263,100.434872718685,100.374793393013
0.726190476190476,98.0856011408885,98.0259939220295,100.432427074837,100.371914001877
0.732142857142857,98.0832039976476,98.0231697814493,100.429986787047,100.369040392019
0.738095238095238,98.0808113447818,98.0203517576255,100.427551463306,100.366173371288
0.744047619047619,98.078423182291,98.0175411259807,100.425120844869,100.363312105519
0.75,98.0760395101753,98.0147359271039,100.422694931736,100.360456594712
0.755952380952381,98.0736603284347,98.0119361609948,100.420274553472,100.357606838866
0.761904761904762,98.0712855720011,98.0091418276536,100.417859093792,100.354763301038
0.767857142857143,98.0689147685504,98.0063529270803,100.415448014988,100.351925629626
0.773809523809524,98.0665487949771,98.0035694592748,100.413041317058,100.34909349356
0.779761904761905,98.0641876512812,98.0007926822938,100.410639000004,100.346266892839
0.785714285714286,98.0618314066155,97.9980218743376,100.408241063825,100.343445673617
0.791666666666667,98.0594800971175,97.995256274647,100.405847508521,100.340629383288
0.797619047619048,98.0571332110123,97.9924958832223,100.403457928228,100.337818902399
0.803571428571429,98.0547907482999,97.9897407000632,100.401072984153,100.335014230948
0.80952380952381,98.0524530531233,97.98699072517,100.398692751646,100.332215029764
0.81547619047619,98.0501206029575,97.9842459585424,100.396317014049,100.329420921967
0.821428571428571,98.0477922665242,97.9815079149087,100.393946260103,100.326632469361
0.827380952380952,98.0454680438235,97.9787753480564,100.391580350404,100.323849671947
0.833333333333333,98.0431479348553,97.9760477924508,100.389218554403,100.32107269931
0.839285714285714,98.0408319396197,97.973325248092,100.386860872101,100.318301195082
0.845238095238095,98.0385200581168,97.97060771498,100.384507303498,100.315534922434
0.851190476190476,98.0362130602952,97.9678951931148,100.382157848594,100.312773995593
0.857142857142857,98.0339106483883,97.9651876824963,100.379812507388,100.310018801817
0.863095238095238,98.031612202839,97.9624867775469,100.377472376652,100.307268680688
0.869047619047619,98.0293177236474,97.9597909405182,100.375136356567,100.304523632206
0.875,98.0270272108135,97.9570999582476,100.372804293204,100.301783656371
0.880952380952381,98.0247406643372,97.954413830735,100.370476186562,100.299049263317
0.886904761904762,98.0224580842186,97.9517325579804,100.368152036642,100.296319873974
0.892857142857143,98.0201803748803,97.9490561399839,100.365831843444,100.293595410327
0.898809523809524,98.0179069291945,97.9463845767453,100.363515623903,100.290875872377
0.904761904761905,98.0156373143618,97.9437195957999,100.361204567621,100.28816220142
0.910714285714286,98.0133715303821,97.9410593033308,100.358897327786,100.285453843748
0.916666666666667,98.0111095772554,97.9384036942465,100.356593904397,100.282750110669
0.922619047619048,98.0088514549818,97.9357527685467,100.354294297453,100.280051002181
0.928571428571429,98.0065971635611,97.9331065262317,100.351998506956,100.277356518285
0.93452380952381,98.0043477077361,97.9304649673013,100.349706532905,100.274666658981
0.94047619047619,98.0021022275386,97.9278282674025,100.347418522062,100.271981424269
0.946428571428571,97.9998604529388,97.925197680794,100.345135327196,100.26930227272
0.952380952380952,97.9976223839368,97.9225716316249,100.342855830611,100.26662780014
0.958333333333333,97.9953880205326,97.9199501198953,100.340580032307,100.263957812436
0.964285714285714,97.9931573627262,97.917333145605,100.338307932285,100.261292309608
0.970238095238095,97.9909304105174,97.9147207087541,100.336039530543,100.258631291657
0.976190476190476,97.9887067483967,97.9121128093427,100.333774827082,100.255974758581
0.982142857142857,97.9864870166863,97.9095095231717,100.331513878129,100.253322712719
0.988095238095238,97.9842712742959,97.9069111257476,100.329256863375,100.250675514167
0.994047619047619,97.9820595230734,97.9043173830641,100.327003623113,100.248032958853
1,97.9798516168828,97.9017282951214,100.324754157345,100.245395046777
1,97.9798516168828,97.9017282951214,100.324754157345,100.245395046777
1.00595238095238,97.9775945629624,97.8990735995681,100.322457004075,100.242693156266
1.01190476190476,97.9752413330656,97.8962885414448,100.320063205892,100.239867245282
1.01785714285714,97.97280384058,97.8933956527327,100.317590887675,100.236930757745
1.02380952380952,97.9702872062107,97.8903959765009,100.315037968404,100.233888789733
1.0297619047619,97.9676963167991,97.8873073939228,100.31241542734,100.230763250354
1.03571428571429,97.9650467251623,97.8841398428026,100.309734434435,100.22755821478
1.04166666666667,97.9623365331923,97.8808915718267,100.306995871008,100.224273671856
1.04761904761905,97.9595729472354,97.8775853026834,100.304207464034,100.220932467396
1.05357142857143,97.9567684815247,97.8742235204397,100.301370300973,100.217534968356
1.05952380952381,97.9539231360602,97.8708039230078,100.298492574753,100.214079458785
1.06547619047619,97.9510342014952,97.8673443971353,100.295572557024,100.21058611588
1.07142857142857,97.9481169288697,97.8638490157313,100.292625180094,100.207056403588
1.07738095238095,97.9451745830957,97.860315862658,100.289653257012,100.203488003894
1.08333333333333,97.9422071641733,97.8567514436387,100.28665678778,100.199889453234
1.08928571428571,97.9392121177418,97.8531675489171,100.283633711145,100.196271144731
1.0952380952381,97.9362006575956,97.8495641784934,100.280591213702,100.192633078385
1.10119047619048,97.9331768892631,97.8459414214584,100.277536945261,100.188974924473
1.10714285714286,97.9301408127443,97.8423058226343,100.274470905822,100.185302027796
1.11309523809524,97.9270924280392,97.8386613757126,100.271393095385,100.181620764737
1.11904761904762,97.9240302849374,97.8350080806932,100.268301693809,100.177931135297
1.125,97.9209646541224,97.8313459375762,100.265204284433,100.174233139474
1.13095238095238,97.9178962422629,97.8276750609246,100.262104581057,100.170526343956
1.13690476190476,97.9148250493588,97.8240023872553,100.259002583679,100.166816917965
1.14285714285714,97.9117510754102,97.8203307475226,100.2558982923,100.163108826203
1.14880952380952,97.9086734990977,97.8166601417265,100.25279170692,100.15940206867
1.1547619047619,97.9055970435715,97.812990569867,100.249683565449,100.155696460565
1.16071428571429,97.9025244231453,97.8093219019329,100.246578637228,100.151993892748
1.16666666666667,97.8994556378189,97.8056596021499,100.243477023982,100.148298635789
1.17261904761905,97.8963906875925,97.8020043095073,100.24037872571,100.144610689686
1.17857142857143,97.893329572466,97.7983560240052,100.237283742413,100.140930054441
1.18452380952381,97.8902722939901,97.7947144691679,100.234192247862,100.137256730052
1.19047619047619,97.8872208744341,97.7910805700804,100.23110744981,100.133590716521
1.19642857142857,97.884177122375,97.7874565566206,100.228029400034,100.129933352923
1.20238095238095,97.8811410378129,97.7838427701037,100.22495764722,100.12628742811
1.20833333333333,97.8781126207478,97.7802398647943,100.221892956598,100.122652269632
1.21428571428571,97.8750918711796,97.7766478987884,100.218836952566,100.119027877487
1.2202380952381,97.8720787891083,97.7730704292356,100.215789635126,100.115414251676
1.22619047619048,97.8690730804333,97.7695045219664,100.212751400483,100.111811392198
1.23214285714286,97.8660749947909,97.7659501769809,100.209722656619,100.108219299054
1.23809523809524,97.8630868903834,97.7624073942792,100.206703329567,100.10464051208
1.24404761904762,97.8601087672107,97.7588761738611,100.203694431185,100.101075511545
1.25,97.8571409768176,97.7553565157268,100.200696788048,100.097522742264
1.25595238095238,97.8541836312553,97.7518505421455,100.197709013799,100.093982204237
1.26190476190476,97.8512363392322,97.7483594545473,100.194731108439,100.090453897463
1.26785714285714,97.8482991007484,97.7448805962657,100.191763071968,100.086937821942
1.27380952380952,97.8453741348563,97.7414139673007,100.188804904385,100.083433977675
1.2797619047619,97.8424599190812,97.7379595676522,100.185856605691,100.079946001885
1.28571428571429,97.8395557025881,97.7345173973203,100.182920747606,100.076472046903
1.29166666666667,97.836661485377,97.731087456305,100.17999581906,100.073010457328
1.29761904761905,97.833777267448,97.7276687815,100.177081028892,100.069561233161
1.30357142857143,97.830903048801,97.7242628389546,100.174176377103,100.066124374401
1.30952380952381,97.8280391030683,97.72087076703,100.171281863691,100.062699881049
1.31547619047619,97.8251883806891,97.7174925936231,100.168397488657,100.059287753104
1.32142857142857,97.8223475143613,97.7141289657913,100.165523252001,100.055886734006
1.32738095238095,97.8195165040847,97.7107780445758,100.162662230458,100.05249905804
1.33333333333333,97.8166953498594,97.7074398299767,100.159811517259,100.049125205459
1.33928571428571,97.8138840516853,97.7041136828499,100.156970702208,100.04576554739
1.3452380952381,97.8110826095626,97.7008000228261,100.154139785306,100.042419452821
1.35119047619048,97.8082906905306,97.6974997712251,100.151318766551,100.039085979248
1.35714285714286,97.8055077963906,97.6942123256033,100.148507645944,100.03576512667
1.36309523809524,97.8027355918945,97.6909363089787,100.145706423485,100.032461068773
1.36904761904762,97.7999740770423,97.6876723788177,100.142917661001,100.02916850841
1.375,97.7972236136713,97.6844213623745,100.140138463252,100.025887400469
1.38095238095238,97.7944830701665,97.6811828008397,100.137368818585,100.022617744949
1.38690476190476,97.791752307871,97.677955375857,100.134608727001,100.019359541852
1.39285714285714,97.7890327983453,97.6747405019462,100.1318581885,100.016112791176
1.39880952380952,97.7863239835349,97.6715381791075,100.129117203081,100.012876877578
1.4047619047619,97.783624085016,97.6683486803736,100.126384424171,100.009651871795
1.41071428571429,97.7809331027887,97.6651707734005,100.123661598907,100.006439275921
1.41666666666667,97.7782510368528,97.662004393178,100.120948825384,100.00323915535
1.42261904761905,97.7755778872086,97.658853212849,100.118246375989,100.000051730872
1.42857142857143,97.7729136538558,97.6557123376763,100.115553362523,99.9968755447969
1.43452380952381,97.770257170472,97.6525817676598,100.11286953522,99.9937105971257
1.44047619047619,97.7676098618862,97.6494615027996,100.110196145913,99.9905555438633
1.44642857142857,97.7649719929714,97.6463515430957,100.107532833747,99.987411702829
1.45238095238095,97.7623438240522,97.643251888548,100.104877844165,99.9842794636716
1.45833333333333,97.7597246917938,97.6401643046925,100.102231177169,99.981159169697
1.46428571428571,97.7571141620152,97.6370892434586,100.099592832756,99.9780498453213
1.4702380952381,97.754512813453,97.6340238506424,100.096962810928,99.974951052697
1.47619047619048,97.7519217523808,97.6309681262437,100.094341111685,99.9718642990928
1.48214285714286,97.749338496169,97.6279220702628,100.091729940816,99.9687894734435
1.48809523809524,97.7467630448175,97.6248856826994,100.089127065633,99.9657241409967
1.49404761904762,97.7441953983264,97.6218589635537,100.086531924856,99.9626683017526
1.5,97.7416355566957,97.6188440899078,100.083944518485,99.9596219557112
1.50595238095238,97.7390835199252,97.6158404121915,100.08136484652,99.9565851028724
1.51190476190476,97.7365385498564,97.6128458559359,100.078792908962,99.9535577432362
1.51785714285714,97.7340011528019,97.609860421141,100.07622870581,99.9505427942972
1.52380952380952,97.7314720000815,97.6068841078069,100.073674629299,99.9475376134663
1.5297619047619,97.7289512386022,97.6039169159334,100.071127917701,99.9445413066664
1.53571428571429,97.726438558037,97.6009588455207,100.068588405271,99.9415538738974
1.54166666666667,97.7239334280445,97.5980122779334,100.06605609201,99.9385753151595
1.54761904761905,97.7214360815805,97.5950757598984,100.063530977917,99.9356056304525
1.55357142857143,97.7189480456375,97.5921478665282,100.061013062992,99.9326448197765
1.55952380952381,97.7164668743014,97.589228597823,100.058502473374,99.9296960900453
1.56547619047619,97.7139925675723,97.5863179537826,100.056001221831,99.9267560696564
1.57142857142857,97.7115251254501,97.5834159344071,100.053506707752,99.923824398995
1.57738095238095,97.7090645479349,97.5805225396965,100.051018931136,99.9209010780612
1.58333333333333,97.7066108350266,97.5776403530349,100.048537891984,99.917986106855
1.58928571428571,97.7041650714937,97.5747672281713,100.046063590295,99.9150794853763
1.5952380952381,97.7017271371458,97.5719022488941,100.043596026071,99.9121811958381
1.60119047619048,97.6992956274927,97.5690454152033,100.041135066145,99.9092905831206
1.60714285714286,97.6968705425346,97.566196727099,100.038680366708,99.906409043773
1.61309523809524,97.6944518822715,97.5633561845811,100.036232800806,99.9035366947383
1.61904761904762,97.6920396467032,97.5605237876496,100.033792432065,99.9006729847754
1.625,97.6896338358299,97.5577024195854,100.031358812698,99.8978181411894
1.63095238095238,97.6872351129745,97.5548892226535,100.028932139895,99.8949737025737
1.63690476190476,97.6848431971617,97.552083699121,100.0265126582,99.8921368625816
1.64285714285714,97.6824575844423,97.5492858489879,100.024099431226,99.8893076212129
1.64880952380952,97.6800782748163,97.546495672254,100.021692458971,99.8864859784677
1.6547619047619,97.6777052682839,97.5437131689196,100.019291741436,99.8836719343461
1.66071428571429,97.6753391980158,97.5409383389844,100.016896881525,99.8808654888479
1.66666666666667,97.6729794817206,97.5381741356682,100.01450787886,99.8780674002888
1.67261904761905,97.6706257736414,97.5354173330597,100.012125323732,99.875277439631
1.67857142857143,97.6682780737782,97.5326678347355,100.009749318038,99.8724950108725
1.68452380952381,97.6659363821309,97.5299256406953,100.007379452626,99.8697201140133
1.69047619047619,97.663602128432,97.5271907509393,100.0050156165,99.8669528542048
1.69642857142857,97.6612739046467,97.5244631654675,100.002656913815,99.8641940604278
1.70238095238095,97.6589512552791,97.5217428133928,100.000304322819,99.8614424820689
1.70833333333333,97.6566341803292,97.5190292882409,99.9979578916944,99.8586981191281
1.71428571428571,97.654322679797,97.5163237320176,99.9956176204396,99.8559609716055
1.7202380952381,97.6520167536825,97.5136254308975,99.9932838374932,99.8532325727409
1.72619047619048,97.6497164497286,97.5109347013073,99.9909556915221,99.8505119445095
1.73214285714286,97.6474235258938,97.5082518588374,99.988633133332,99.8477979907995
1.73809523809524,97.6451359010253,97.5055766021645,99.9863161629227,99.845090711611
1.74404761904762,97.6428535751233,97.5029088957252,99.9840060817753,99.842390106944
1.75,97.6405765481877,97.5002493435397,99.9817013768228,99.8396961767984
1.75595238095238,97.6383048202185,97.497596627774,99.9794018743677,99.8370089211744
1.76190476190476,97.6360383912156,97.494950748428,99.9771075744098,99.8343305602674
1.76785714285714,97.6337775180689,97.4923117055018,99.9748184769493,99.8316588903036
1.77380952380952,97.6315233911225,97.4896804054291,99.9725345819862,99.8289935950702
1.7797619047619,97.629274333227,97.487057318329,99.9702562140674,99.826334674567
1.78571428571429,97.6270303443823,97.4844405685639,99.9679842131298,99.8236821287941
1.79166666666667,97.6247914245885,97.4818301561338,99.9657171617712,99.8210359577515
1.79761904761905,97.6225575738456,97.4792260810388,99.9634550599916,99.8183961680974
1.80357142857143,97.6203287921535,97.4766283432788,99.9611979077912,99.8157650898653
1.80952380952381,97.6181054945279,97.4740369428538,99.9589457051697,99.8131401217023
1.81547619047619,97.6158883878463,97.4714533641181,99.9566984521274,99.8105212636084
1.82142857142857,97.613676143446,97.4688769292704,99.9544559601214,99.8079085155835
1.82738095238095,97.611468761327,97.4663065821718,99.9522182176368,99.8053018776278
1.83333333333333,97.6092662414893,97.4637423228222,99.9499857121158,99.8027013497411
1.83928571428571,97.6070685839329,97.4611841512217,99.9477578172516,99.8001071949727
1.8452380952381,97.6048757886578,97.4586320673703,99.9455351170718,99.7975211109513
1.85119047619048,97.6026884431191,97.456086071268,99.9433176385617,99.7949408682842
1.85714285714286,97.6005068650658,97.4535479256669,99.9411051341804,99.7923664669713
1.86309523809524,97.5983299311012,97.4510163352367,99.9388983613703,99.7897979070126
1.86904761904762,97.5961576412253,97.4484905555047,99.9366966168703,99.7872351884083
1.875,97.5939899954381,97.4459705864711,99.934499454654,99.7846783111582
1.88095238095238,97.5918269937397,97.4434564281357,99.9323068747213,99.7821277783689
1.88690476190476,97.5896686361299,97.4409480804986,99.9301188770724,99.7795847196863
1.89285714285714,97.5875156248123,97.4384455435598,99.9279354617072,99.77704724993
1.89880952380952,97.5853679434422,97.4359506356759,99.9257567054435,99.7745153691001
1.9047619047619,97.5832247296663,97.4334617409148,99.9235831036676,99.7719890771965
1.91071428571429,97.5810859834845,97.4309784546941,99.9214140285725,99.7694683742193
1.91666666666667,97.578951704897,97.4285007770137,99.9192494801583,99.7669532601684
1.92261904761905,97.5768218939036,97.4260287078737,99.9170894584249,99.7644444390538
1.92857142857143,97.5746965505045,97.4235622472741,99.9149336418797,99.7619424880101
1.93452380952381,97.5725764719913,97.4211013952148,99.9127821380006,99.759445906996
1.94047619047619,97.57046132655,97.4186480908244,99.9106353153547,99.7569546960116
1.94642857142857,97.5683504866369,97.4162003119774,99.9084931950228,99.7544688550568
1.95238095238095,97.5662439522518,97.4137579108206,99.9063558518608,99.7519883841317
1.95833333333333,97.564141723395,97.411320887354,99.9042228730104,99.7495132832364
1.96428571428571,97.5620438000662,97.4088892415776,99.9020942584715,99.747044316459
1.9702380952381,97.5599501822656,97.4064629734915,99.8999705116497,99.7445815838973
1.97619047619048,97.5578612842147,97.4040421121469,99.8978512217643,99.7421240528702
1.98214285714286,97.5557768673833,97.4016273385091,99.8957360845399,99.7396717233778
1.98809523809524,97.5536967363724,97.3992180007387,99.8936250999765,99.7372245954199
1.99404761904762,97.5516208911819,97.3968140988359,99.8915182680742,99.7347826689967
2,97.5495493318118,97.3944156328006,99.8894155888328,99.7323459441081
2,97.5495493318118,97.3944156328006,99.8894155888328,99.7323459441081
2.00595238095238,97.5474280942178,97.3919503126706,99.887264204689,99.7298443161136
2.01190476190476,97.5452093207902,97.3893552892216,99.8850186106368,99.7272131455969
2.01785714285714,97.5429049378262,97.3866463104696,99.8826849652907,99.7244750550292
2.02380952380952,97.5405203776152,97.3838301202887,99.8802770164648,99.7216282746202
2.0297619047619,97.5380596418905,97.3809234916525,99.8777958733574,99.7186952945743
2.03571428571429,97.5355402709193,97.3779373291171,99.8752518890355,99.7156813974159
2.04166666666667,97.532962608816,97.374869530812,99.8726490284779,99.7125866008796
2.04761904761905,97.5303253507923,97.3717417432984,99.8699923364192,99.7094342432368
2.05357142857143,97.5276481533863,97.3685579463134,99.8672882354228,99.7062245148928
2.05952380952381,97.5249311807025,97.3653215549803,99.8645485866522,99.7029555178856
2.06547619047619,97.5221720454786,97.3620387810385,99.8617733901073,99.6996480932837
2.07142857142857,97.5193792521968,97.358714620907,99.858963950759,99.6963037586343
2.07738095238095,97.5165626287142,97.3553525314418,99.8561283189745,99.6929203347343
2.08333333333333,97.5137221750309,97.3519678139726,99.8532672336785,99.6895055383512
2.08928571428571,97.5108568783157,97.3485604684997,99.8503801824834,99.6860707378757
2.0952380952381,97.5079683936191,97.3451304950229,99.8474731467566,99.6826159333076
2.10119047619048,97.5050689720928,97.3416779275562,99.8445517417145,99.6791408236909
2.10714285714286,97.5021586137366,97.3382146894228,99.8416147795077,99.6756500630622
2.11309523809524,97.4992373185506,97.3347412650526,99.8386637838238,99.6721510287292
2.11904761904762,97.4963050343031,97.3312570704524,99.8357081179886,99.6686437206919
2.125,97.4933663280799,97.3277630938311,99.8327477820021,99.6651281389503
2.13095238095238,97.4904248890612,97.3242689836069,99.8297827758644,99.6616039091512
2.13690476190476,97.4874807172469,97.3207747397797,99.8268130995754,99.6580754551939
2.14285714285714,97.484533812637,97.3172803623496,99.8238376233366,99.6545486107804
2.14880952380952,97.4815841752317,97.3137858513165,99.8208622588986,99.6510233759105
2.1547619047619,97.478631574192,97.3102911691767,99.8178898720198,99.6474997505842
2.16071428571429,97.4756811128199,97.3068021296098,99.8149204627005,99.6439784187509
2.16666666666667,97.4727352593339,97.3033199099835,99.8119540309404,99.6404643815822
2.17261904761905,97.4697940137339,97.2998445102978,99.8089905767396,99.6369578874618
2.17857142857143,97.4668573760199,97.2963759305528,99.8060300966804,99.6334589363898
2.18452380952381,97.463925346192,97.2929141707483,99.8030743977394,99.6299675283662
2.19047619047619,97.4609992782989,97.2894598629575,99.800126112147,99.6264836633909
2.19642857142857,97.4580812247551,97.286016483469,99.7971852399031,99.6230077696205
2.20238095238095,97.4551711609008,97.2825836117301,99.7942517810077,99.6195435005338
2.20833333333333,97.4522690867361,97.2791612477406,99.7913257354608,99.6160902668573
2.21428571428571,97.4493750022609,97.2757493915007,99.7884071032624,99.6126480685912
2.2202380952381,97.4464889074752,97.2723480430103,99.7854961910218,99.6092169057353
2.22619047619048,97.4436108023791,97.2689572022694,99.7825957462197,99.6057967782897
2.23214285714286,97.4407438925312,97.2655786894977,99.7797048310674,99.6023876862544
2.23809523809524,97.4378868285877,97.2622145216157,99.7768234455651,99.5989910285907
2.24404761904762,97.4350394863607,97.258862446386,99.7739515897126,99.5956096062741
2.25,97.4322018658503,97.2555224638088,99.77108926351,99.5922404973411
2.25595238095238,97.4293739670563,97.252194573884,99.7682364669573,99.5888837017918
2.26190476190476,97.4265557899789,97.2488787766116,99.7653927473945,99.5855392196262
2.26785714285714,97.4237475594537,97.2455750719915,99.7625582821525,99.5822070508442
2.27380952380952,97.4209526364595,97.2422862434263,99.7597350529291,99.5788871954459
2.2797619047619,97.4181679697052,97.2390124032093,99.7569230597243,99.5755818032398
2.28571428571429,97.4153935591908,97.235750961078,99.7541227567881,99.5722921247212
2.29166666666667,97.4126294049164,97.2325019170323,99.7513335538315,99.5690150148277
2.29761904761905,97.409875506882,97.2292652710722,99.7485551193207,99.5657504735592
2.30357142857143,97.4071318650875,97.2260410231978,99.7457873787513,99.5624985009157
2.30952380952381,97.404399162593,97.2228291734091,99.7430289497688,99.5592590968973
2.31547619047619,97.4016798696209,97.2196331848153,99.7402819069432,99.5560322615039
2.32142857142857,97.3989707087762,97.2164515118265,99.7375462502745,99.5528207269155
2.32738095238095,97.3962716800592,97.2132819592629,99.7348223607723,99.5496241291953
2.33333333333333,97.3935827834696,97.2101245271245,99.7321094576549,99.5464397595162
2.33928571428571,97.3909040190077,97.2069792154112,99.7294071634452,99.5432676178782
2.3452380952381,97.3882353866732,97.2038460241232,99.7267161524195,99.5401077042813
2.35119047619048,97.3855779683226,97.2007249532603,99.7240379093453,99.5369600187255
2.35714285714286,97.3829331682585,97.1976199128458,99.721369523971,99.5338245612108
2.36309523809524,97.3802980837231,97.1945280055079,99.7187109962966,99.5307045491183
2.36904761904762,97.3776727147163,97.191447685745,99.7160623263221,99.5275982618562
2.375,97.375057061238,97.1883789535571,99.7134235140476,99.5245035754561
2.38095238095238,97.3724511232883,97.1853218089444,99.7107945594731,99.5214204899179
2.38690476190476,97.3698549008672,97.1822762519067,99.7081773235098,99.5183490052416
2.39285714285714,97.3672697888962,97.179242282444,99.7055710263491,99.5152891214272
2.39880952380952,97.364696192359,97.1762241072185,99.7029740219785,99.5122408384748
2.4047619047619,97.3621317699983,97.1732177536219,99.700386310398,99.5092076299721
2.41071428571429,97.3595765218142,97.1702223425234,99.6978078916076,99.5061867454826
2.41666666666667,97.3570304478067,97.167237873923,99.6952387656073,99.5031767856551
2.42261904761905,97.3544935479757,97.1642643478207,99.692678932397,99.5001777504895
2.42857142857143,97.3519658223214,97.1613017642165,99.6901305203753,99.497189639986
2.43452380952381,97.3494489054081,97.1583501231105,99.687591927323,99.4942124541444
2.44047619047619,97.3469423821758,97.1554137899301,99.685062038374,99.4912461929648
2.44642857142857,97.3444444402886,97.1524880217454,99.6825408535282,99.4882946437792
2.45238095238095,97.3419550797466,97.1495725432795,99.6800283727857,99.4853540916138
2.45833333333333,97.3394743005497,97.1466673545325,99.6775245961465,99.482423740333
2.46428571428571,97.337002102698,97.1437724555042,99.6750295236106,99.4795035899371
2.4702380952381,97.3345384861915,97.1408878461948,99.672545444289,99.4765936404258
2.47619047619048,97.3320852779484,97.1380134645351,99.6700701520724,99.4736938917992
2.48214285714286,97.3296414002501,97.1351487002527,99.6676029698289,99.4708043440574
2.48809523809524,97.3272055239416,97.1322952004246,99.6651438975585,99.4679290377131
2.49404761904762,97.3247776490227,97.1294527168334,99.6626929352612,99.4650635127692
2.5,97.3223577754937,97.126622050877,99.6602500829369,99.4622075151173
2.50595238095238,97.3199459033544,97.1238037148176,99.6578153405857,99.4593610447571
2.51190476190476,97.3175420326048,97.1209947521247,99.6553910589114,99.4565241016888
2.51785714285714,97.31514810611,97.1181951627985,99.6529746381557,99.4536966859124
2.52380952380952,97.312762542847,97.1154049468389,99.6505657888801,99.4508790254577
2.5297619047619,97.3103844635112,97.1126241042458,99.6481645110848,99.4480745171313
2.53571428571429,97.3080138681028,97.1098526350193,99.6457708047697,99.4452789649649
2.54166666666667,97.3056507566217,97.1070936051737,99.6433846699348,99.4424923689583
2.54761904761905,97.3032951290678,97.1043442626461,99.6410060928265,99.4397147291116
2.55357142857143,97.3009469854413,97.1016037003688,99.638633854931,99.4369460454249
2.55952380952381,97.2986053157264,97.0988719183416,99.6362695777832,99.434186317898
2.56547619047619,97.2962713073576,97.0961489165646,99.6339132613833,99.4314358353575
2.57142857142857,97.2939452271492,97.0934346950379,99.6315651335123,99.428695730015
2.57738095238095,97.2916272889088,97.0907292537613,99.6292244505786,99.4259644896821
2.58333333333333,97.2893169479368,97.0880359652535,99.6268910663848,99.4232421143589
2.58928571428571,97.2870138547982,97.0853513072885,99.624566112965,99.4205286040453
2.5952380952381,97.2847176925178,97.082674937572,99.6222489828407,99.4178246869253
2.60119047619048,97.2824279010685,97.0800068561037,99.6199384950275,99.4151300846345
2.60714285714286,97.2801455347828,97.0773470628837,99.6176346495254,99.4124438905628
2.61309523809524,97.2778706069143,97.0746955579121,99.6153374463343,99.4097661047101
2.61904761904762,97.2756032766717,97.0720524261744,99.6130468854544,99.4070967270765
2.625,97.2733427755032,97.0694210068213,99.6107629668855,99.4044380551532
2.63095238095238,97.2710891034088,97.0667974166157,99.6084850609292,99.4017877832192
2.63690476190476,97.2688438688338,97.0641816555576,99.6062140869614,99.3991452580343
2.64285714285714,97.2666052951315,97.0615737236471,99.6039498248921,99.3965104795986
2.64880952380952,97.2643729503526,97.058973620884,99.6016919194276,99.3938834479121
2.6547619047619,97.2621468344969,97.0563813472684,99.5994408976311,99.3912641629748
2.66071428571429,97.2599269475645,97.0537973416588,99.5971968174766,99.388652708684
2.66666666666667,97.2577132895555,97.0512239034634,99.5949592172674,99.3860503366868
2.67261904761905,97.2555062532599,97.0486579128662,99.5927285546543,99.3834556506944
2.67857142857143,97.2533071177568,97.0460993698674,99.5905046069474,99.3808686507067
2.68452380952381,97.2511138529856,97.043548274467,99.5882866844549,99.3782893367237
2.69047619047619,97.2489264589463,97.0410046266648,99.5860747871769,99.3757182775674
2.69642857142857,97.2467449356389,97.0384684264611,99.5838689151133,99.3731553711267
2.70238095238095,97.2445692830634,97.0359404574235,99.5816694423008,99.3705997974955
2.70833333333333,97.2423995012197,97.0334221755938,99.579477227035,99.3680515566738
2.71428571428571,97.2402353641913,97.030910950584,99.5772906336827,99.3655106486615
2.7202380952381,97.238076848851,97.0284067823943,99.5751096622439,99.3629791983997
2.72619047619048,97.2359246315608,97.0259096710246,99.5729343127186,99.3604550417993
2.73214285714286,97.2337787871477,97.0234196164748,99.5707645851068,99.3579376777769
2.73809523809524,97.2316388992025,97.0209366187451,99.5686004794084,99.3554271063325
2.74404761904762,97.2295053904019,97.0184617224296,99.5664427415793,99.352923327466
2.75,97.2273786936839,97.0159956155379,99.5642914505191,99.3504263411775
2.75595238095238,97.2252574144892,97.0135362440572,99.562145498658,99.3479364124801
2.76190476190476,97.2231415528177,97.0110836079875,99.5600048859959,99.3454557576076
2.76785714285714,97.2210311086696,97.0086377073287,99.5578696125328,99.3429815495121
2.77380952380952,97.2189260820446,97.0061985420808,99.5557396782688,99.3405137881937
2.7797619047619,97.216826472943,97.0037661122439,99.5536150832037,99.3380524736524
2.78571428571429,97.2147318577105,97.001340085443,99.5514967134827,99.335597605888
2.79166666666667,97.212642774964,96.9989208750959,99.5493842645052,99.3331491849007
2.79761904761905,97.2105595106885,96.9965089115027,99.5472769083166,99.3307074486166
2.80357142857143,97.2084819303896,96.9941035070667,99.5451746449172,99.3282730908921
2.80952380952381,97.2064097867771,96.9917053556934,99.5430774743068,99.3258452581031
2.81547619047619,97.2043442606569,96.9893145051859,99.5409853964854,99.3234239502494
2.82142857142857,97.2022840360445,96.9869304950122,99.538898411453,99.3210091673312
2.82738095238095,97.2002288216624,96.9845527620637,99.5368175341798,99.3186016450767
2.83333333333333,97.1981786175104,96.9821817625083,99.5347421190993,99.3162005869438
2.83928571428571,97.1961334235886,96.9798178258351,99.5326715668604,99.3138058055154
2.8452380952381,97.194093239897,96.9774606607222,99.5306058774631,99.3114173007914
2.85119047619048,97.1920584702997,96.9751104893989,99.5285450509076,99.3090360128665
2.85714285714286,97.1900298786161,96.972768360336,99.5264890871937,99.3066619689156
2.86309523809524,97.1880060593661,96.9704321853238,99.5244379863214,99.3042937523455
2.86904761904762,97.1859870125498,96.9681019643624,99.5223928501541,99.3019313631563
2.875,97.1839727381672,96.9657776974518,99.5203527619662,99.299574801348
2.88095238095238,97.1819632362182,96.9634593845919,99.5183173375091,99.2972240669205
2.88690476190476,97.1799585067029,96.9611470257829,99.5162865767827,99.2948791598738
2.89285714285714,97.1779591365068,96.958842140553,99.5142604797871,99.2925416760507
2.89880952380952,97.1759654338686,96.956543921041,99.5122390465222,99.2902104935073
2.9047619047619,97.1739763225179,96.9542513664067,99.510222276988,99.2878848925128
2.91071428571429,97.1719918024545,96.9519644766499,99.5082114027807,99.2855648730674
2.91666666666667,97.1700118736785,96.9496832517708,99.5062052055872,99.2832504351711
2.92261904761905,97.1680365361898,96.9474076917692,99.5042034713119,99.2809415788238
2.92857142857143,97.1660657899886,96.9451377966453,99.5022061999546,99.2786383040255
2.93452380952381,97.1640992514803,96.9428752120602,99.5002133915156,99.276342382068
2.94047619047619,97.162137129436,96.9406186879412,99.4982250459948,99.2740522452399
2.94642857142857,97.1601799234401,96.9383676469858,99.4962411633921,99.2717674765762
2.95238095238095,97.1582276334926,96.9361220891939,99.4942610549533,99.2694880760768
2.95833333333333,97.156280443198,96.9338820145656,99.4922856770839,99.2672140437416
2.96428571428571,97.1543380420199,96.9316474231008,99.4903150560177,99.2649453795706
2.9702380952381,97.1524001570842,96.9294183147996,99.4883492353661,99.262682083564
2.97619047619048,97.150466788391,96.9271956152376,99.4863883279942,99.2604251176708
2.98214285714286,97.1485375697916,96.9249785326431,99.4844318030679,99.2581735957987
2.98809523809524,97.1466126975794,96.9227669101229,99.4824796605873,99.2559274407034
2.99404761904762,97.1446925207801,96.920560747677,99.4805319109326,99.2536866523849
3,97.1427770393935,96.9183600453053,99.4785885956226,99.2514512308433
3,97.1427770393935,96.9183600453053,99.4785885956226,99.2514512308433
3.00595238095238,97.140812223161,96.9160927362124,99.4765967773979,99.2491507482024
3.01190476190476,97.1387465316083,96.9136936441188,99.4745076487288,99.2467201741467
3.01785714285714,97.1365996793489,96.9111834132757,99.4723362272973,99.244182502705
3.02380952380952,97.1343713425526,96.9085623562245,99.4700848917236,99.2415357915102
3.0297619047619,97.1320707130354,96.9058552737657,99.4677629721376,99.2388024864296
3.03571428571429,97.1297041414242,96.9030610755109,99.4653771968345,99.2359883455547
3.04166666666667,97.1272802462599,96.9001919754761,99.4629283283834,99.2330928632956
3.04761904761905,97.1248062088167,96.8972624311011,99.4604349989681,99.2301396241445
3.05357142857143,97.1222850783682,96.8942705061099,99.4578972085885,99.2271292991975
3.05952380952381,97.1197215235833,96.8912260077761,99.4553163403247,99.224059536155
3.06547619047619,97.1171208133664,96.8881411874057,99.4527003745562,99.2209507749725
3.07142857142857,97.1144844168837,96.8850155089204,99.4500500033021,99.2178054882703
3.07738095238095,97.1118204969373,96.88184935605,99.4473675210016,99.2146220312722
3.08333333333333,97.1091254268096,96.8786603228672,99.4446615611013,99.2114053736064
3.08928571428571,97.106412968251,96.8754484093719,99.4419341693511,99.2081691651287
3.0952380952381,97.1036859213742,96.8722133246915,99.4391909578638,99.2049134058391
3.10119047619048,97.1009442861793,96.8689545533875,99.436432088712,99.2016380957376
3.10714285714286,97.0981880626662,96.8656868941377,99.4336575618956,99.1983455990486
3.11309523809524,97.0954151334844,96.862410346942,99.4308670617396,99.1950452134269
3.11904761904762,97.092636550834,96.8591249118005,99.4280688347131,99.191737018714
3.125,97.0898541665864,96.8558299255341,99.4252651870218,99.1884210149098
3.13095238095238,97.0870679807416,96.8525306925773,99.4224561186656,99.1850972020143
3.13690476190476,97.0842779932995,96.8492319302846,99.4196415544231,99.1817674047475
3.14285714285714,97.0814840193814,96.8459336386559,99.4168265082594,99.1784394800076
3.14880952380952,97.07868920702,96.8426358176912,99.4140120965159,99.1751135126273
3.1547619047619,97.0758964567992,96.8393384673905,99.4111983191926,99.1717895026066
3.16071428571429,97.0731057687187,96.8360426366422,99.4083851762894,99.1684675224468
3.16666666666667,97.0703171427788,96.832753367084,99.4055730033454,99.1651523289602
3.17261904761905,97.0675311631185,96.8294711149859,99.4027657195433,99.1618449308247
3.17857142857143,97.064750956509,96.8261958803481,99.3999639984538,99.1585453280403
3.18452380952381,97.0619768823183,96.8229276631704,99.397167840077,99.1552535206071
3.19047619047619,97.0592089405465,96.8196659712203,99.3943772444128,99.1519695085251
3.19642857142857,97.0564473480818,96.8164148191608,99.3915932802035,99.1486932917942
3.20238095238095,97.0536943612892,96.8131742265868,99.3888178205346,99.145428448106
3.20833333333333,97.0509499830435,96.8099441934983,99.3860508104081,99.1421749130482
3.21428571428571,97.0482142133444,96.8067236155328,99.3832922498241,99.1389325215448
3.2202380952381,97.0454870521921,96.8035150599499,99.3805421387826,99.1357012735957
3.22619047619048,97.0427684995866,96.8003188137405,99.3778004772835,99.132481169201
3.23214285714286,97.0400585555278,96.797135123864,99.3750672653269,99.1292722083606
3.23809523809524,97.0373586348334,96.7939637696544,99.3723455697585,99.1260746106994
3.24404761904762,97.0346700524783,96.7908083677615,99.3696340785757,99.1228931299548
3.25,97.0319914461924,96.7876658067614,99.3669325470041,99.119724051404
3.25595238095238,97.0293228159758,96.7845355299305,99.3642409750436,99.1165673750471
3.26190476190476,97.0266641618284,96.7814175372689,99.3615593626944,99.1134231008842
3.26785714285714,97.0240154837502,96.7783118287765,99.3588877099564,99.1102912289151
3.27380952380952,97.0213767817414,96.7752184044533,99.3562260453589,99.1071717591399
3.2797619047619,97.0187502761045,96.7721387850131,99.3535759295809,99.1040655586683
3.28571428571429,97.016135682646,96.7690755550388,99.3509366361561,99.100976472651
3.29166666666667,97.0135313900838,96.766024679177,99.3483081650844,99.0978999396152
3.29761904761905,97.0109373984179,96.7629861574275,99.3456905163657,99.0948359595609
3.30357142857143,97.0083537076483,96.7599599897903,99.3430848317719,99.0917845324881
3.30952380952381,97.0057803177751,96.7569461762655,99.3404899270321,99.0887456583968
3.31547619047619,97.0032172287981,96.7539447168531,99.3379057873225,99.085719337287
3.32142857142857,97.0006670526478,96.7509578862468,99.335332412643,99.0827059902419
3.32738095238095,96.9981282743858,96.747986575095,99.3327683041033,99.079706695874
3.33333333333333,96.9955996417074,96.7450273230988,99.3302154816027,99.0767204776213
3.33928571428571,96.9930811546126,96.7420801302581,99.3276740379664,99.0737473354838
3.3452380952381,96.9905728131015,96.7391449965729,99.3251443052009,99.0707880924806
3.35119047619048,96.9880746171739,96.7362219220433,99.3226256127222,99.067842037506
3.35714285714286,96.98558656683,96.7333109066693,99.3201174136335,99.0649086337058
3.36309523809524,96.9831074329161,96.7304147803778,99.3176196074707,99.0619879676406
3.36904761904762,96.9806388350243,96.7275329583223,99.315130827263,99.0590842316489
3.375,96.9781811887514,96.7246626076417,99.3126529300221,99.0561919976842
3.38095238095238,96.9757346926677,96.7218037283363,99.310185915748,99.0533112657464
3.38690476190476,96.9732991641501,96.7189563204058,99.3077301340911,99.0504420358356
3.39285714285714,96.9708736002442,96.7161203838503,99.3052846066458,99.0475843079517
3.39880952380952,96.96845800095,96.7132959186699,99.3028490227376,99.0447380820947
3.4047619047619,96.9660545279271,96.7104818818028,99.3004243470608,99.0419026890942
3.41071428571429,96.9636612163519,96.7076796127528,99.2980111916985,99.0390781972501
3.41666666666667,96.9612769662112,96.7048899626278,99.2956071120466,99.0362661676896
3.42261904761905,96.9589017775049,96.7021131314956,99.2932121081051,99.0334666004125
3.42857142857143,96.9565356502331,96.699349050442,99.290826179874,99.0306773812578
3.43452380952381,96.9541785843958,96.6965962889513,99.2884493273533,99.0279000675616
3.44047619047619,96.9518306743435,96.6938548470237,99.2860815505431,99.0251347869135
3.44642857142857,96.9494949001915,96.6911278069094,99.2837248684376,99.0223817787215
3.45238095238095,96.9471675814098,96.6884121432856,99.2813778033954,99.019640227139
3.45833333333333,96.9448487179984,96.6857066351307,99.279039201725,99.0169096703677
3.46428571428571,96.9425383099573,96.6830112824445,99.2767090634263,99.0141889199408
3.4702380952381,96.9402363572864,96.6803260852272,99.2743873884993,99.0114788980217
3.47619047619048,96.9379428599858,96.6776510434787,99.2720741769442,99.0087801981964
3.48214285714286,96.9356576644003,96.6749865619277,99.2697694287609,99.0060919843929
3.48809523809524,96.9333803833228,96.6723360828857,99.2674754414734,99.0034137879445
3.49404761904762,96.9311121645532,96.6696951310341,99.2651900250355,99.0007465702016
3.5,96.9288527773944,96.667063706373,99.2629124823325,98.9980904336877
3.50595238095238,96.9266027910481,96.6644418089022,99.2606428133644,98.9954451395373
3.51190476190476,96.9243624934469,96.6618294386218,99.2583810181313,98.9928098955726
3.51785714285714,96.922129864818,96.6592265955317,99.2561270966332,98.9901864761668
3.52380952380952,96.9199049051614,96.656634195873,99.25388104887,98.9875740147166
3.5297619047619,96.917687614477,96.6540543896426,99.2516417017271,98.9849705885291
3.53571428571429,96.915477992765,96.6514835545346,99.2494105189981,98.9823761976042
3.54166666666667,96.9132760400252,96.6489216905488,99.2471876637318,98.9797908419419
3.54761904761905,96.9110837822184,96.6463687976855,99.2449733704846,98.9772145215422
3.55357142857143,96.9088992871843,96.6438248759444,99.2427669838354,98.9746472364051
3.55952380952381,96.9067219584915,96.6412899253256,99.2405682032814,98.9720921556836
3.56547619047619,96.9045517961399,96.6387652408649,99.2383777623224,98.9695459014142
3.57142857142857,96.9023888001294,96.6362519617443,99.2361961323652,98.9670081562445
3.57738095238095,96.9002329704601,96.633747137011,99.2340214089435,98.9644789201745
3.58333333333333,96.898084307132,96.6312507666649,99.2318535920572,98.9619581932041
3.58928571428571,96.8959451209707,96.6287628507061,99.2296926817066,98.9594459753333
3.5952380952381,96.8938128500911,96.6262833891346,99.2275386778914,98.9569424308913
3.60119047619048,96.891687280998,96.6238123819503,99.2253915806117,98.9544506336942
3.60714285714286,96.8895684136914,96.6213494502897,99.2232508588228,98.9519668324866
3.61309523809524,96.8874562481713,96.6188950309433,99.2211171245877,98.9494910272686
3.61904761904762,96.8853507844378,96.6164499100688,99.2189907467437,98.9470232180401
3.625,96.8832521024589,96.6140136721918,99.2168716955816,98.9445634048012
3.63095238095238,96.8811622993063,96.6115886229193,99.2147594525718,98.9421115875518
3.63690476190476,96.8790788313924,96.6091719108541,99.2126534033757,98.9396682706414
3.64285714285714,96.877001698717,96.606763030176,99.2105536418549,98.9372354528881
3.64880952380952,96.8749309012802,96.6043619808851,99.2084608232019,98.9348102454206
3.6547619047619,96.8728664390821,96.6019687629815,99.2063750665113,98.9323926482389
3.66071428571429,96.8708083121225,96.5995833764649,99.2042961459057,98.9299826613431
3.66666666666667,96.8687563982641,96.5972068297053,99.2022236411551,98.9275802847332
3.67261904761905,96.8667103390605,96.5948401416397,99.2001578671648,98.9251855184092
3.67857142857143,96.8646710573735,96.5924808416454,99.1980998487693,98.9227991983726
3.68452380952381,96.8626386443508,96.5901289297225,99.1960477070137,98.9204225788073
3.69047619047619,96.8606127116541,96.5877844058708,99.1940014418979,98.9180531284074
3.69642857142857,96.8585930859968,96.5854472700904,99.1919610534221,98.9156908471728
3.70238095238095,96.8565808051198,96.5831175223813,99.1899265415861,98.9133357351037
3.70833333333333,96.8545744682226,96.5807965858294,99.1878979063901,98.9109877921999
3.71428571428571,96.8525740556513,96.5784845734932,99.1858747743488,98.9086470184615
3.7202380952381,96.8505795674057,96.5761795654531,99.1838574656311,98.9063131096053
3.72619047619048,96.848591003486,96.5738815617093,99.1818464222146,98.9039863082969
3.73214285714286,96.8466092827701,96.5715905622616,99.179841643585,98.9016673379293
3.73809523809524,96.8446332875471,96.5693065671101,99.1778427229747,98.8993551826921
3.74404761904762,96.8426629608227,96.5670295762547,99.1758505993961,98.8970507183004
3.75,96.840698302597,96.5647611693953,99.1738646585566,98.8947540174061
3.75595238095238,96.8387393128699,96.5625008340481,99.1718840918061,98.892464634066
3.76190476190476,96.8367875898314,96.5602472113821,99.1699088991447,98.8901835071549
3.76785714285714,96.8348413400936,96.5580003013973,99.1679390805725,98.887910455933
3.77380952380952,96.832900393102,96.5557601040937,99.1659746360893,98.885643896355
3.7797619047619,96.8309647488565,96.5535266194714,99.1640155656952,98.8833838284208
3.78571428571429,96.8290344073572,96.5512998475303,99.1620635336503,98.8811302521306
3.79166666666667,96.827109368604,96.54907934268,99.1601166472142,98.8788831674842
3.79761904761905,96.8251899184492,96.5468658409877,99.1581748686872,98.8766425744817
3.80357142857143,96.8232772610281,96.5446597546064,99.1562381980691,98.8744079532559
3.80952380952381,96.8213696628736,96.5424608264135,99.15430663536,98.872180277178
3.81547619047619,96.8194671239855,96.5402687334974,99.15238018056,98.8699597469837
3.82142857142857,96.8175696443641,96.5380827530817,99.1504590138298,98.8677459866833
3.82738095238095,96.8156772240091,96.535903824172,99.148544358807,98.8655392590885
3.83333333333333,96.8137898629208,96.5337320330857,99.1466345887886,98.8633396539623
3.83928571428571,96.811908025515,96.5315669395235,99.1447297037745,98.8611462665241
3.8452380952381,96.8100324119791,96.529408883436,99.1428297037648,98.858959096774
3.85119047619048,96.8081616615327,96.5272577868422,99.1409345887595,98.8567781447117
3.85714285714286,96.806295774176,96.525112960783,99.1390443587586,98.8546044399108
3.86309523809524,96.8044347499089,96.5229744052586,99.1371593565544,98.8524377858294
3.86904761904762,96.8025785887315,96.5208421202688,99.1352803621303,98.8502769411508
3.875,96.8007272906437,96.5187169273765,99.1334060497412,98.8481219058752
3.88095238095238,96.7988805371002,96.5165978284835,99.1315364193871,98.8459726800024
3.88690476190476,96.7970383686515,96.5144847647944,99.1296714710679,98.8438292635325
3.89285714285714,96.7952014301028,96.5123777363095,99.1278112047837,98.8416916564655
3.89880952380952,96.7933697214539,96.5102777496805,99.1259556205345,98.8395594458901
3.9047619047619,96.7915434029861,96.5081846744845,99.1241051996956,98.8374333222895
3.91071428571429,96.7897222999876,96.5060971984394,99.1222603535684,98.8353135695391
3.91666666666667,96.7879059594688,96.5040153215451,99.1204199965716,98.8331998881451
3.92261904761905,96.7860943814297,96.5019390438016,99.1185841287051,98.831092961287
3.92857142857143,96.7842880272114,96.499868365209,99.1167527499691,98.8289927094993
3.93452380952381,96.7824872070474,96.4978032857671,99.1149258603634,98.8268978844923
3.94047619047619,96.7806908351418,96.4957455292331,99.1131034598882,98.8248084862659
3.94642857142857,96.7788989114948,96.4936937969538,99.1112861539443,98.8227245148202
3.95238095238095,96.7771114361063,96.4916474169276,99.1094740210056,98.8206459701552
3.95833333333333,96.7753284089763,96.4896063891546,99.1076662009151,98.8185728522708
3.96428571428571,96.7735498301049,96.4875707136348,99.1058626936729,98.8165044686633
3.9702380952381,96.771776296382,96.485540390368,99.1040634992791,98.8144417995555
3.97619047619048,96.7700075060071,96.4835154193544,99.1022686177337,98.8123849969105
3.98214285714286,96.7682430805938,96.4814951029825,99.1004780490365,98.8103341130417
3.98809523809524,96.7664830201421,96.4794805375834,99.0986919046224,98.8082891391288
3.99404761904762,96.7647273246519,96.4774718888738,99.0969102425365,98.8062495799772
4,96.7629759941233,96.4754691568538,99.095132989123,98.8042154355868
4,96.7629759941233,96.4754691568538,99.095132989123,98.8042154355868
4.00595238095238,96.7611751129143,96.4733997764352,99.0933070473257,98.8021159742265
4.01190476190476,96.7592765024079,96.4711971014886,99.0913852394515,98.7998897867119
4.01785714285714,96.7572851331699,96.4688846195743,99.0893773043943,98.797549257657
4.02380952380952,96.7552208668689,96.466460743864,99.0872883933474,98.7951051103013
4.02976190476191,96.7530849592427,96.4639491988017,99.0851346875394,98.7925702701312
4.03571428571429,96.7508766598143,96.4613542442553,99.0829156265195,98.7899520688566
4.04166666666667,96.7486167796877,96.4586785067515,99.0806325908677,98.7872614003491
4.04761904761905,96.7463058383395,96.4559440944053,99.0783044407014,98.7845039557752
4.05357142857143,96.743940885918,96.4531510072169,99.0759311760205,98.781689790693
4.05952380952381,96.7415375911464,96.4502982680484,99.0735097810973,98.7788226093816
4.06547619047619,96.7391011052606,96.4474077518297,99.0710529908035,98.7759036116108
4.07142857142857,96.7366314282608,96.4444795348927,99.0685680758813,98.7729527208261
4.07738095238095,96.7341256246633,96.441510885857,99.0660550363307,98.7699707587466
4.08333333333333,96.7315988667527,96.4385137154531,99.0635114632488,98.7669577253722
4.08928571428571,96.7290539039426,96.4354959040019,99.0609448517061,98.7639117136231
4.09523809523809,96.7264907362329,96.4324574515033,99.0583641266045,98.7608500336794
4.10119047619048,96.723909590982,96.4293990054877,99.0557692879442,98.7577733492539
4.10714285714286,96.7213170107605,96.4263287291738,99.0531603357251,98.7546816603464
4.11309523809524,96.7187159931648,96.423249015931,99.050535168048,98.7515728336055
4.11904761904762,96.7161065381949,96.4201598657592,99.0479013670257,98.7484559411081
4.125,96.713488645851,96.4170612786584,99.045264057698,98.7453360439106
4.13095238095238,96.7108623161328,96.4139516735094,99.0426232400649,98.7422131420131
4.13690476190476,96.7082269774741,96.4108409180568,99.0399789141264,98.7390872354154
4.14285714285714,96.7055926031478,96.4077333604282,99.0373310798825,98.7359576225651
4.14880952380952,96.7029602955474,96.4046290006237,99.0346789290037,98.7328279949801
4.15476190476191,96.700330054673,96.4015278386432,99.032029457443,98.7297036057881
4.16071428571429,96.6977018805245,96.3984298744869,99.0293837967594,98.7265844549891
4.16666666666667,96.6950757731019,96.3953351081545,99.0267419469528,98.7234705425833
4.17261904761905,96.692451755799,96.3922461135184,99.0241039080232,98.7203618685705
4.17857142857143,96.6898332211243,96.38916598993,99.0214696799706,98.7172584451319
4.18452380952381,96.6872216435013,96.3860947429069,99.0188392627951,98.7141634514123
4.19047619047619,96.68461702293,96.3830323724493,99.0162147161648,98.711078273642
4.19642857142857,96.6820193594104,96.3799788785569,99.0135980664374,98.7080029118209
4.20238095238095,96.6794286529426,96.37693426123,99.0109893123004,98.704937365949
4.20833333333333,96.6768449035264,96.3738988739575,99.0083884537539,98.7018816360263
4.21428571428571,96.6742674383994,96.3708769996648,99.0057954907977,98.6988357220529
4.22023809523809,96.6716984536982,96.3678666015738,99.0032104234321,98.6958003184519
4.22619047619048,96.6691392414228,96.3648676796846,99.0006334753531,98.6927793582632
4.23214285714286,96.6665898015733,96.3618802339971,98.9980675354301,98.6897702794597
4.23809523809524,96.6640506855268,96.3589042645114,98.9955113776232,98.6867730820415
4.24404761904762,96.6615220092144,96.3559397712274,98.9929650019324,98.6837877660085
4.25,96.6590034329615,96.3529862998808,98.9904284083576,98.6808143313607
4.25595238095238,96.6564949567682,96.3500439799169,98.9879015968988,98.6778527780982
4.26190476190476,96.6539985996802,96.3471154964795,98.985384567556,98.6749046020924
4.26785714285714,96.6515136659841,96.3442008495685,98.9828769437671,98.6719725158687
4.27380952380952,96.6490389792102,96.3412992391825,98.9803786422144,98.6690529396846
4.27976190476191,96.6465745393585,96.3384099281414,98.9778917556062,98.66614587354
4.28571428571429,96.6441203464289,96.3355346071066,98.9754162839427,98.6632513174351
4.29166666666667,96.6416764004214,96.3326732760781,98.9729510520974,98.6603692713698
4.29761904761905,96.6392427013362,96.3298263873427,98.9704965283499,98.6574997353441
4.30357142857143,96.6368228057929,96.3269933429783,98.9680535501874,98.6546448900099
4.30952380952381,96.6344133842971,96.3241733243173,98.9656221176101,98.6518058498991
4.31547619047619,96.6320142105349,96.3213666545564,98.9632025771431,98.6489791624839
4.32142857142857,96.6296252845062,96.3185773070012,98.9607938942578,98.6461648277643
4.32738095238095,96.627246606211,96.3157999718121,98.9583960524987,98.6433628457401
4.33333333333333,96.6248781756493,96.3130346489891,98.9560118598872,98.6405732164116
4.33928571428571,96.6225202341435,96.3102813385322,98.9536381176693,98.6377959397786
4.34523809523809,96.6201759858735,96.3075400404414,98.9512744809056,98.6350337355382
4.35119047619048,96.6178416259658,96.3048107547168,98.948920949596,98.6322862478268
4.35714285714286,96.6155171544201,96.3020957329286,98.9465775237405,98.629550583474
4.36309523809524,96.6132025712367,96.2993955411647,98.9442442033391,98.6268267424798
4.36904761904762,96.6108978764154,96.2967067917015,98.9419220000507,98.6241147248442
4.375,96.6086030699562,96.2940294845391,98.9396122646496,98.6214145305671
4.38095238095238,96.6063187973918,96.2913636196773,98.9373120702717,98.6187261596487
4.38690476190476,96.6040472093389,96.2887091971163,98.9350214169169,98.6160527072008
4.39285714285714,96.6017849621567,96.2860662168559,98.9327403045852,98.613392557332
4.39880952380952,96.5995320558451,96.2834337502176,98.9304687332767,98.6107435772479
4.40476190476191,96.5972884904043,96.2808128280579,98.9282067029913,98.6081057669486
4.41071428571429,96.595054265834,96.2782045243342,98.9259556052526,98.6054791264339
4.41666666666667,96.5928293821343,96.2756087357173,98.9237157492304,98.6028636557039
4.42261904761905,96.5906148449745,96.2730238707787,98.9214848602622,98.6002593547586
4.42857142857143,96.5884118218063,96.2704511976112,98.9192629383479,98.5976697583189
4.43452380952381,96.5862175475074,96.2678907593796,98.9170499834875,98.5950919538675
4.44047619047619,96.5840320220778,96.2653417421778,98.9148459956811,98.59252461475
4.44642857142857,96.5818552455176,96.2628076094633,98.9126509749286,98.5899677409664
4.45238095238095,96.5796872178267,96.2602841001569,98.9104665190736,98.5874213325166
4.45833333333333,96.5775279390051,96.2577707353256,98.908292116563,98.5848853894008
4.46428571428571,96.5753787180781,96.2552675149695,98.9061260956799,98.5823599116189
4.47023809523809,96.5732398654281,96.2527744390884,98.9039684564243,98.5798485463527
4.47619047619048,96.5711091654831,96.2502915076825,98.9018191987962,98.5773476909334
4.48214285714286,96.5689866182431,96.2478201793596,98.8996783227957,98.5748566444999
4.48809523809524,96.5668722237082,96.2453615267175,98.8975458284227,98.5723754070522
4.49404761904762,96.5647659818782,96.2429124033895,98.8954235401749,98.5699039785903
4.5,96.5626678927532,96.2404728093756,98.8933102657536,98.5674423591142
4.50595238095238,96.5605794480368,96.2380427446758,98.8912047780063,98.5649905486238
4.51190476190476,96.5585002597895,96.23562220929,98.8891070769331,98.5625523467305
4.51785714285714,96.5564287069868,96.2332112032183,98.8870171625339,98.5601235107997
4.52380952380952,96.5543647896287,96.230809004627,98.8849350348088,98.557703850065
4.52976190476191,96.5523085077152,96.2284161434179,98.8828606937578,98.5552933645262
4.53571428571429,96.5502598612463,96.2260336974447,98.8807960519059,98.5528920541836
4.54166666666667,96.5482188502221,96.2236618045502,98.8787394668599,98.5504999190369
4.54761904761905,96.5461846641689,96.2213004159937,98.8766901595663,98.5481172183092
4.55357142857143,96.5441579845694,96.2189484367219,98.8746481300253,98.5457471405157
4.55952380952381,96.5421394244298,96.2166058667346,98.8726133782369,98.5433856573812
4.56547619047619,96.5401291355111,96.2142755769517,98.870585904201,98.5410327689059
4.57142857142857,96.5381269275555,96.2119542222493,98.8685657079176,98.5386884750896
4.57738095238095,96.5361321094776,96.2096413380243,98.8665539361366,98.5363527759324
4.58333333333333,96.5341446812772,96.2073369242767,98.8645494488837,98.5340256714343
4.58928571428571,96.5321660112278,96.2050409810065,98.8625520121074,98.5317078012842
4.59523809523809,96.5301943580339,96.2027535082137,98.8605616258077,98.529401287966
4.60119047619048,96.5282295794277,96.2004747378127,98.8585782899846,98.527102859605
4.60714285714286,96.526271675409,96.1982052997828,98.8566029300281,98.5248125162013
4.61309523809524,96.524320645978,96.1959444614198,98.8546345694257,98.5225302577549
4.61904761904762,96.5223772392739,96.1936922227237,98.8526728905132,98.5202560842658
4.625,96.5204409417011,96.1914491682632,98.8507178932908,98.517989995734
4.63095238095238,96.5185112068261,96.1892145965517,98.8487695777585,98.5157329676465
4.63690476190476,96.5165880346491,96.1869883163392,98.8468288254861,98.5134862241607
4.64285714285714,96.5146714251699,96.1847698299889,98.8448948297527,98.5112470994357
4.64880952380952,96.5127623449175,96.1825589253664,98.8429671589484,98.5090155934714
4.65476190476191,96.5108607326807,96.1803566617685,98.8410458130731,98.5067917062679
4.66071428571429,96.5089651918875,96.178163160959,98.8391307921268,98.5045754378251
4.66666666666667,96.5070757225378,96.1759783110957,98.8372226128305,98.5023667881431
4.67261904761905,96.5051923246316,96.173801382466,98.8353211820866,98.5001654107866
4.67857142857143,96.5033149981689,96.1716322539106,98.8334257590612,98.4979715996327
4.68452380952381,96.5014437431498,96.1694698666761,98.8315363437542,98.4957861116906
4.69047619047619,96.4995799060891,96.167315684943,98.8296529361656,98.4936090266501
4.69642857142857,96.4977225940807,96.1651697087113,98.827775772177,98.4914396716979
4.70238095238095,96.4958710675447,96.1630322259217,98.8259054000612,98.4892794051627
4.70833333333333,96.4940253264809,96.1609022927048,98.8240408134869,98.4871274654391
4.71428571428571,96.4921853708895,96.1587799002728,98.8221820124542,98.4849824991373
4.72023809523809,96.4903512007704,96.1566673416651,98.8203289969631,98.4828445062572
4.72619047619048,96.4885228161237,96.1545619609184,98.818481896559,98.4807134867988
4.73214285714286,96.4867017153963,96.1524634321462,98.8166413165553,98.4785894407622
4.73809523809524,96.4848865721102,96.1503717553483,98.8148062797223,98.4764723681474
4.74404761904762,96.4830769265377,96.148286930525,98.8129767860599,98.4743649380706
4.75,96.4812727786786,96.1462089576761,98.8111528355681,98.4722642267275
4.75595238095238,96.479474128533,96.1441385946385,98.8093345253381,98.4701700826916
4.76190476190476,96.4776809761008,96.1420771049588,98.8075232626755,98.4680825059628
4.76785714285714,96.4758933213822,96.1400221338451,98.805717191149,98.4660014965412
4.77380952380952,96.4741127358055,96.1379736812974,98.8039163107586,98.4639270544267
4.77976190476191,96.4723376114836,96.1359317473156,98.8021206215044,98.4618594008949
4.78571428571429,96.4705677369737,96.1338963318999,98.8003301233863,98.459800719046
4.79166666666667,96.4688031122759,96.1318674350501,98.7985448164043,98.4577483128697
4.79761904761905,96.4670437373903,96.1298461125219,98.7967651947647,98.4557021823661
4.80357142857143,96.4652896123167,96.1278328240049,98.7949918571949,98.4536623275349
4.80952380952381,96.4635407370552,96.1258257948003,98.793223481605,98.4516287483764
4.81547619047619,96.4617988457116,96.1238250249083,98.7914600679948,98.4496014448905
4.82142857142857,96.4600619539411,96.1218305143288,98.7897016163645,98.4475802664999
4.82738095238095,96.4583300576425,96.1198422630618,98.7879481267139,98.4455650732918
4.83333333333333,96.4566031568158,96.1178602711073,98.7861995990432,98.443556733836
4.83928571428571,96.454881251461,96.1158851126211,98.7844557810591,98.4415553011921
4.84523809523809,96.4531643415781,96.1139168281849,98.7827167936184,98.4395603095968
4.85119047619048,96.4514526223469,96.1119548458964,98.7809831222188,98.4375731207804
4.85714285714286,96.4497474130814,96.1099991657557,98.7792547894469,98.4355925253548
4.86309523809524,96.4480469687789,96.1080499172567,98.7775314736853,98.4336177637125
4.86904761904762,96.4463512894394,96.1061077417782,98.7758136726718,98.4316488358534
4.875,96.444660375063,96.1041716197648,98.7741009782597,98.4296857417776
4.88095238095238,96.4429742256495,96.1022415512167,98.7723930454155,98.427728481485
4.88690476190476,96.4412928411989,96.1003175361336,98.7706898741393,98.4257773043147
4.89285714285714,96.4396160255962,96.0984012560088,98.768991464431,98.4238340037372
4.89880952380952,96.4379434858914,96.0964911915347,98.7672983146653,98.4218962315741
4.90476190476191,96.4362760709988,96.0945867350831,98.7656099585435,98.4199639878254
4.91071428571429,96.4346137809185,96.0926878866542,98.7639262008813,98.4180372724911
4.91666666666667,96.4329566693619,96.0907946462479,98.7622470416788,98.4161160855712
4.92261904761905,96.4313049359025,96.0889070138642,98.7605724809359,98.4142004270658
4.92857142857143,96.4296578605523,96.0870250740865,98.7589036488219,98.4122905069155
4.93452380952381,96.4280154433113,96.0851509836659,98.7572393560609,98.4103868565459
4.94047619047619,96.4263776841794,96.0832822641696,98.7555793935483,98.4084888203582
4.94642857142857,96.4247440595213,96.0814189155976,98.7539237612843,98.4065963983527
4.95238095238095,96.4231152770112,96.07956093795,98.7522724592687,98.4047095905292
4.95833333333333,96.4214913989984,96.0777083312267,98.7506254875015,98.4028276722398
4.96428571428571,96.419872191023,96.0758610954278,98.7489829210347,98.4009515585406
4.97023809523809,96.4182573085237,96.0740194196171,98.7473453487563,98.3990813569952
4.97619047619048,96.4166465609422,96.0721841639608,98.7457120825461,98.3972167825019
4.98214285714286,96.4150405123014,96.0703542754661,98.744083122404,98.3953575437756
4.98809523809524,96.4134392423178,96.068529754133,98.7424584683301,98.3935033090233
4.99404761904762,96.4118425309211,96.0667105999615,98.7408381354986,98.3916547601183
5,96.4102502726272,96.0648968129516,98.7392221736628,98.3898118970608
5,96.4102502726272,96.0648968129516,98.7392221736628,98.3898118970608
5.00595238095238,96.4086082294664,96.0630158290002,98.7375573016722,98.3879035862993
5.01190476190476,96.4068645708485,96.0610030528858,98.7357950602326,98.3858661423882
5.01785714285714,96.4050394022343,96.0588748678387,98.7339482396646,98.383717413826
5.02380952380952,96.4031306597202,96.0566391992861,98.7320222589679,98.3814653399012
5.02976190476191,96.4011483929756,96.0543156999176,98.7300270750738,98.3791167242273
5.03571428571429,96.3991062116522,96.0519016386571,98.7279692986868,98.3766852422301
5.04166666666667,96.3970028312135,96.0494168138187,98.725851144443,98.3741863950437
5.04761904761905,96.3948424057618,96.0468689908999,98.7236802571344,98.3716185275459
5.05357142857143,96.3926412574213,96.0442551936396,98.7214634949664,98.3689884808674
5.05952380952381,96.3903993861919,96.0415932681406,98.7192041754827,98.366313361673
5.06547619047619,96.3881193485641,96.0388898958475,98.7169036358247,98.3635931699625
5.07142857142857,96.3858093791958,96.0361437136143,98.7145705021201,98.3608346905526
5.07738095238095,96.3834696661928,96.0333587389446,98.7122142396285,98.3580460510269
5.08333333333333,96.3810996008336,96.0305502496142,98.7098348483498,98.3552269949154
5.08928571428571,96.3787076024031,96.0277182456229,98.7074323282841,98.3523775222182
5.09523809523809,96.3762984893381,96.0248614853852,98.7050039337319,98.3494990952575
5.10119047619048,96.3738729948361,96.0219831915052,98.7025624590833,98.3466061943125
5.10714285714286,96.3714370410064,96.0190955197619,98.7001109654043,98.3436997501819
5.11309523809524,96.3689914008707,96.0161984701555,98.6976494526948,98.340778103365
5.11904761904762,96.366536074429,96.013292042686,98.695177920955,98.3378460754609
5.125,96.3640710275065,96.0103746549327,98.6926964047773,98.3349116051197
5.13095238095238,96.3615978922314,96.007453559931,98.6902109407074,98.3319746923416
5.13690476190476,96.3591237573877,96.0045333161057,98.6877232729391,98.3290353371264
5.14285714285714,96.3566486229756,96.0016139234566,98.6852334014724,98.3260935394742
5.14880952380952,96.3541724889949,95.9986953819839,98.6827413263072,98.3231495611909
5.15476190476191,96.3516955740404,95.9957776916874,98.68024749529,98.3202107945553
5.16071428571429,96.3492213806984,95.9928619903584,98.677756115129,98.3172775695396
5.16666666666667,96.346750363318,95.9899535671972,98.67526778687,98.3143498861438
5.17261904761905,96.3442825218994,95.987052559655,98.6727825105131,98.3114277443679
5.17857142857143,96.3418189266106,95.984158967732,98.6703003462719,98.308511144212
5.18452380952381,96.3393617210251,95.9812727914281,98.6678245209025,98.3056016681126
5.19047619047619,96.3369109351562,95.9783940307433,98.6653551002758,98.3027022837393
5.19642857142857,96.3344667048824,95.9755221343474,98.6628921552347,98.2998128517835
5.20238095238095,96.3320310667372,95.9726589231595,98.6604369573046,98.2969333722452
5.20833333333333,96.3296040607782,95.9698070055401,98.6579899539529,98.2940638451244
5.21428571428571,96.3271856870055,95.9669663814891,98.6555511451796,98.2912042704211
5.22023809523809,96.3247759454189,95.9641373121009,98.6531217462227,98.2883546481353
5.22619047619048,96.3223748360186,95.9613208628812,98.6507025546233,98.2855186461774
5.23214285714286,96.3199823588045,95.9585163712067,98.6482928701492,98.2826954460305
5.23809523809524,96.3175998940902,95.9557238370775,98.6458926928003,98.2798841748144
5.24404761904762,96.3152287183477,95.9529438671863,98.6435020225766,98.2770848325293
5.25,96.3128675079553,95.9501797962063,98.6411208594782,98.2742974191751
5.25595238095238,96.3105162629133,95.9474279046636,98.638749203505,98.2715219347518
5.26190476190476,96.3081749832215,95.9446881925583,98.6363902001598,98.2687583792595
5.26785714285714,96.3058436688799,95.9419606598904,98.63404185971,98.2660054096245
5.27380952380952,96.3035223198886,95.9392453066597,98.6317037898484,98.2632661886682
5.27976190476191,96.3012131399251,95.9365421328664,98.629375990575,98.2605410210399
5.28571428571429,96.2989158195517,95.9338535811623,98.6270584618899,98.2578301252189
5.29166666666667,96.2966287685046,95.9311803597025,98.6247512037931,98.2551339047552
5.29761904761905,96.2943519867839,95.9285193678107,98.6224542266384,98.2524507904483
5.30357142857143,96.2920854743894,95.9258706054869,98.6201712402836,98.2497807822982
5.30952380952381,96.2898292313214,95.9232340727311,98.617898579714,98.2471259926467
5.31547619047619,96.2875832575796,95.9206097695434,98.6156362449296,98.2444864443014
5.32142857142857,96.2853501506405,95.9179976959237,98.6133842359305,98.2418591140537
5.32738095238095,96.2831284027878,95.9153968444211,98.6111425527165,98.2392440019038
5.33333333333333,96.2809167547279,95.9128086148377,98.6089111952878,98.2366411078515
5.33928571428571,96.2787152064608,95.9102341243063,98.6066906045585,98.234050431897
5.34523809523809,96.2765237579865,95.907673372827,98.6044835089911,98.2314719740401
5.35119047619048,96.274342409305,95.9051271418426,98.6022863577678,98.2289043695347
5.35714285714286,96.2721711604164,95.9025933938082,98.6000991508886,98.2263495891605
5.36309523809524,96.270012942737,95.9000720445769,98.5979218883534,98.2238082064944
5.36904761904762,96.2678651812417,95.8975647083958,98.5957545701624,98.2212804822207
5.375,96.2657270235538,95.8950723284343,98.5935971963154,98.218766291271
5.38095238095238,96.2635984696733,95.8925911710642,98.5914505958603,98.2162642144797
5.38690476190476,96.2614795196002,95.8901212362856,98.589316447242,98.2137742518469
5.39285714285714,96.2593701733346,95.8876625240985,98.5871916821016,98.21129942383
5.39880952380952,96.2572704308764,95.8852150345028,98.585076300439,98.208837125008
5.40476190476191,96.2551834231798,95.8827787674986,98.5829703022542,98.2063857612545
5.41071428571429,96.2531058523437,95.8803526330854,98.5808736875472,98.2039453325697
5.41666666666667,96.2510373108397,95.8779380590764,98.578786456318,98.2015158389535
5.42261904761905,96.2489777986678,95.8755358057977,98.5767097561121,98.1990972804058
5.42857142857143,96.246927315828,95.8731460805471,98.5746443091162,98.196689618367
5.43452380952381,96.2448858623203,95.8707687812399,98.5725876353802,98.1942913778319
5.44047619047619,96.2428534381447,95.8684025449872,98.5705397349041,98.1919049840542
5.44642857142857,96.2408333034559,95.8660473717891,98.5685006076878,98.1895304370339
5.45238095238095,96.2388215961203,95.8637019947398,98.5664702537316,98.1871681697044
5.45833333333333,96.2368183130866,95.8613675919069,98.5644486730351,98.184817099144
5.46428571428571,96.234823454355,95.8590446802335,98.5624366472926,98.1824767219163
5.47023809523809,96.2328370199253,95.8567335767688,98.5604341552999,98.1801478420935
5.47619047619048,96.2308590097976,95.8544337406524,98.5584401508294,98.1778322451962
5.48214285714286,96.2288897737414,95.8521442461728,98.5564546338811,98.1755262590541
5.48809523809524,96.2269315340662,95.84986509333,98.554477604455,98.1732298836673
5.49404761904762,96.2249811670639,95.8475947106121,98.5525085346445,98.1709431190357
5.5,96.2230386727344,95.8453350690029,98.5505473557872,98.1686659651595
5.50595238095238,96.2211040510778,95.8430861861254,98.5485949332552,98.1663984220386
5.51190476190476,96.219177302094,95.8408470763039,98.5466514146389,98.1641427447658
5.51785714285714,96.2172584257831,95.8386179526484,98.5447164101833,98.161898062163
5.52380952380952,96.2153480582957,95.8363993245932,98.5427894204104,98.1596623583106
5.52976190476191,96.2134475307468,95.8341906369439,98.5408699843763,98.1574356332087
5.53571428571429,96.211554365254,95.8319940504053,98.538957691857,98.1552178868572
5.54166666666667,96.2096685618174,95.8298075108543,98.5370535906189,98.1530091192561
5.54761904761905,96.207790120437,95.8276297091618,98.5351577130376,98.1508093304054
5.55357142857143,96.2059190411127,95.825460645328,98.5332701754289,98.1486211590204
5.55952380952381,96.2040553238445,95.8233003193527,98.5313901187615,98.1464428035514
5.56547619047619,96.2021998693854,95.821148731236,98.5295175430355,98.1442728870526
5.57142857142857,96.200353299762,95.8190063308221,98.5276542241121,98.1421114095241
5.57738095238095,96.1985136059349,95.8168759792365,98.5257982092645,98.1399583709657
5.58333333333333,96.196680787904,95.8147538279835,98.5239489787786,98.1378137713775
5.58928571428571,96.1948548456695,95.8126398770633,98.5221065326543,98.1356776107595
5.59523809523809,96.1930357792312,95.8105341264757,98.5202708708917,98.1335525904089
5.60119047619048,96.1912235885892,95.8084365762209,98.5184419934907,98.1314363670372
5.60714285714286,96.189419359599,95.8063472262988,98.5166196894908,98.1293281471811
5.61309523809524,96.1876231101919,95.8042669686538,98.5148032630288,98.1272279308407
5.61904761904762,96.185833328745,95.8021974748374,98.5129940127191,98.1251357180159
5.625,96.1840500152582,95.8001357829652,98.5111919385618,98.1230515087068
5.63095238095238,96.1822731697315,95.7980818930372,98.5093972595844,98.1209753029133
5.63690476190476,96.180502792165,95.7960358050536,98.507609240928,98.1189085325414
5.64285714285714,96.1787388825587,95.7939975190142,98.505827820648,98.1168498621352
5.64880952380952,96.1769827308061,95.7919670349191,98.5040522472896,98.1147991142309
5.65476190476191,96.1752338248353,95.7899438478597,98.50228292558,98.1127562888287
5.66071428571429,96.1734909986844,95.7879280243629,98.5005203627186,98.1107217070918
5.66666666666667,96.1717542523534,95.7859207365649,98.4987647039612,98.1086959431585
5.67261904761905,96.1700235858421,95.7839220791037,98.4970156365238,98.1066777207884
5.67857142857143,96.1682989991508,95.7819320515333,98.4952728047417,98.1046670399816
5.68452380952381,96.1665804922793,95.7799498307628,98.4935366340411,98.102663900738
5.69047619047619,96.1648695468432,95.7779754167923,98.4918078748137,98.1006698468896
5.69642857142857,96.163165178538,95.7760113754008,98.4900848311603,98.0986841361412
5.70238095238095,96.1614665495636,95.7740545083407,98.4883675030809,98.0967053789369
5.70833333333333,96.1597736599202,95.7721046919167,98.4866558905756,98.0947335752767
5.71428571428571,96.1580865096076,95.7701619261289,98.4849499936443,98.0927687251606
5.72023809523809,96.156405098626,95.7682262109773,98.483249812287,98.0908108285886
5.72619047619048,96.1547294269752,95.7662975464618,98.4815564424578,98.0888598855607
5.73214285714286,96.1530610026064,95.7643768901461,98.4798693341109,98.0869182182724
5.73809523809524,96.1513985492448,95.7624650729654,98.4781876388177,98.0849837158921
5.74404761904762,96.1497415746232,95.7605599637155,98.4765113565782,98.083055808084
5.75,96.1480900787413,95.7586615623963,98.4748404873924,98.0811344948481
5.75595238095238,96.1464440615993,95.7567698690079,98.4731750312603,98.0792197761844
5.76190476190476,96.1448035231972,95.7548848835503,98.4715149881819,98.0773116520928
5.76785714285714,96.1431684635348,95.7530066060234,98.4698616433722,98.0754101225735
5.77380952380952,96.1415405583728,95.7511363933307,98.4682140044984,98.0735176253062
5.77976190476191,96.1399181070543,95.7492742888264,98.4665715033123,98.0716316288638
5.78571428571429,96.1383008452106,95.747418541925,98.4649341398137,98.0697519408676
5.79166666666667,96.1366887728416,95.7455691526264,98.4633019140029,98.0678785613177
5.79761904761905,96.1350818899474,95.7437261209306,98.4616748258796,98.0660114902141
5.80357142857143,96.133480196528,95.7418894468376,98.460052875444,98.0641507275567
5.80952380952381,96.1318836925834,95.7400591303475,98.4584353787329,98.0622963762647
5.81547619047619,96.1302941657543,95.7382347887949,98.4568231963628,98.0604507023079
5.82142857142857,96.1287096245136,95.7364170394232,98.4552165151472,98.0586110418533
5.82738095238095,96.1271300335482,95.7346063844736,98.4536153350862,98.0567773949009
5.83333333333333,96.1255553928581,95.7328026357755,98.4520199421306,98.0549497614507
5.83928571428571,96.1239857024432,95.7310054474041,98.4504297342684,98.0531281415028
5.84523809523809,96.1224209623036,95.7292169257302,98.4488445106265,98.0513125350571
5.85119047619048,96.1208613408721,95.7274344336568,98.447264271205,98.0495033295047
5.85714285714286,96.119308231943,95.7256578466528,98.4456886462526,98.0477021734719
5.86309523809524,96.1177598488639,95.7238871647181,98.4441178942869,98.0459067340739
5.86904761904762,96.1162161916348,95.7221223878526,98.4425523541112,98.0441170113108
5.875,96.1146772602557,95.7203635160565,98.4409919265168,98.0423330051826
5.88095238095238,96.1131430547265,95.7186114612455,98.4394363860773,98.0405547156892
5.88690476190476,96.1116135750474,95.7168666714325,98.4378868753414,98.0387821428307
5.89285714285714,96.1100891529042,95.7151275369614,98.4363420769363,98.0370151049675
5.89880952380952,96.108570687931,95.7133940578323,98.434801779517,98.0352536110561
5.90476190476191,96.1070567653517,95.7116662340452,98.4332659830836,98.0334984015981
5.91071428571429,96.105547385166,95.7099440656001,98.4317346876362,98.0317494466912
5.91666666666667,96.1040425473742,95.7082275524969,98.4302078931747,98.0300063829404
5.92261904761905,96.1025422519761,95.7065179280444,98.4286860130449,98.0282699352929
5.92857142857143,96.1010464989718,95.7048149556608,98.4271695908204,98.026539171969
5.93452380952381,96.0995557980847,95.7031173746321,98.4256574835306,98.024813993668
5.94047619047619,96.0980706420485,95.7014251849581,98.4241496911755,98.0230944003901
5.94642857142857,96.0965898281294,95.699738386639,98.4226462137551,98.0213799011567
5.95238095238095,96.0951133563276,95.6980569796747,98.4211470512693,98.0196709816034
5.95833333333333,96.0936412266429,95.6963809640652,98.4196522037183,98.0179679183532
5.96428571428571,96.0921734390755,95.6947116651305,98.4181614502902,98.0162708555529
5.97023809523809,96.0907099936252,95.6930484164188,98.4166749059012,98.0145795169286
5.97619047619048,96.0892511387838,95.6913903627965,98.4151930076571,98.0128935533955
5.98214285714286,96.0877969852915,95.6897375042636,98.4137157001385,98.0112128592866
5.98809523809524,96.0863471954679,95.6880898408199,98.4122427783443,98.0095370222247
5.99404761904762,96.0849017693129,95.6864473724656,98.4107738670356,98.0078667677902
6,96.0834607068265,95.6848100992005,98.4093094301022,98.0062020959831
6,96.0834607068265,95.6848100992005,98.4093094301022,98.0062020959831
6.00595238095238,96.0819696438852,95.6831053155585,98.4077962807218,98.0044716719154
6.01190476190476,96.0803787721167,95.6812662840751,98.4061832308296,98.0026096140872
6.01785714285714,96.0787030640873,95.6793167114466,98.4044902377723,98.0006392985395
6.02380952380952,96.0769406710913,95.6772604066176,98.4027156157905,97.9985587264505
6.02976190476191,96.0751119048284,95.6751049305296,98.4008669598017,97.9963905909135
6.03571428571429,96.0732192527482,95.6728676190317,98.3989596380537,97.9941408079355
6.04166666666667,96.0712602256791,95.6705607584713,98.3969936505466,97.991808830061
6.04761904761905,96.0692536408772,95.6681816136764,98.3949677600429,97.9894184325478
6.05357142857143,96.0672028879976,95.6657441505138,98.3929021039175,97.9869703633973
6.05952380952381,96.0651061809957,95.6632598552593,98.3907967232311,97.9844622725732
6.06547619047619,96.0629688990064,95.6607278345981,98.3886526143052,97.9819147510959
6.07142857142857,96.0608044070475,95.6581503295096,98.3864782674873,97.979330274913
6.07738095238095,96.0586127051189,95.6555448886282,98.3842747833609,97.976709456726
6.08333333333333,96.0563931029204,95.6529115119539,98.3820416305484,97.9740622888439
6.08928571428571,96.0541459376182,95.6502485000674,98.3797850489875,97.9713917787124
6.09523809523809,96.0518854047984,95.6475621988016,98.3775112989543,97.9686979263315
6.10119047619048,96.0496115044608,95.6448626395877,98.37521882908,97.9659807317011
6.10714285714286,96.0473242366054,95.6421498224258,98.3729099601674,97.9632450840461
6.11309523809524,96.0450223588693,95.6394236631413,98.3705945701269,97.960499956417
6.11904761904762,96.0427090312551,95.6366832731302,98.3682726589583,97.9577453610969
6.125,96.0403927532998,95.6339409264492,98.3659442266618,97.9549806791398
6.13095238095238,96.0380735250034,95.6311966230984,98.3636092732373,97.9522114026748
6.13690476190476,96.0357513463659,95.6284503630777,98.3612677807465,97.9494417481884
6.14285714285714,96.0334262173872,95.6257021463872,98.358925383178,97.9466717156806
6.14880952380952,96.0310972621869,95.6229517533238,98.3565835525385,97.9439009486295
6.15476190476191,96.0287698661035,95.6202059296812,98.3542422888282,97.9411318240692
6.16071428571429,96.0264465393053,95.6174657930861,98.351901592047,97.9383690956103
6.16666666666667,96.024127281792,95.6147313435386,98.3495616478698,97.9356127632527
6.17261904761905,96.0218120935639,95.6120025810386,98.347226291123,97.9328628269965
6.17857142857143,96.0195009746209,95.6092795055862,98.3448964315517,97.9301192868416
6.18452380952381,96.0171939249629,95.6065633367404,98.3425720691559,97.9273821427881
6.19047619047619,96.014892546648,95.6038572733498,98.3402532039357,97.9246528619558
6.19642857142857,96.0125990973236,95.6011610644515,98.3379391976172,97.9219343760859
6.20238095238095,96.0103135484609,95.5984747100455,98.3356324332438,97.9192263137575
6.20833333333333,96.0080359000599,95.5957982101318,98.3333340346384,97.9165286749706
6.21428571428571,96.0057661521206,95.5931315647104,98.3310440018009,97.9138414597252
6.22023809523809,96.0035043046431,95.5904747737814,98.3287628275597,97.9111646680212
6.22619047619048,96.0012503576272,95.5878309455495,98.3264911593964,97.9084982998587
6.23214285714286,95.9990035176943,95.585200329856,98.324228873388,97.9058455597995
6.23809523809524,95.9967668619074,95.5825814353374,98.3219759695345,97.9032062863175
6.24404761904762,95.9945405923488,95.5799742619938,98.3197343546116,97.9005790488817
6.25,95.9923246273208,95.577378809825,98.3175036680607,97.8979638474921
6.25595238095238,95.9901173582564,95.5747950788311,98.3152829445929,97.8953606821487
6.26190476190476,95.987921099099,95.5722230690122,98.3130721842082,97.8927695528514
6.26785714285714,95.9857358498486,95.56966155843,98.3108713869067,97.8901904596004
6.27380952380952,95.9835617439398,95.567113229484,98.3086805526882,97.8876276115563
6.27976190476191,95.9813990588669,95.5645787927758,98.3064996815529,97.8850784543142
6.28571428571429,95.9792469990309,95.5620582483055,98.3043275538794,97.8825417214917
6.29166666666667,95.9771055644319,95.5595526174482,98.3021667608128,97.8800174130887
6.29761904761905,95.9749734183914,95.5570600584564,98.3000174125213,97.8775055291053
6.30357142857143,95.9728521184382,95.554580383538,98.2978797914024,97.8750060695414
6.30952380952381,95.9707421296463,95.5521137706596,98.2957536727122,97.8725190343971
6.31547619047619,95.9686433206907,95.5496647801633,98.2936382852312,97.8700460272862
6.32142857142857,95.9665543552647,95.5472277250394,98.2915336289593,97.8675862212265
6.32738095238095,95.9644765974148,95.5448026052879,98.2894383965246,97.8651394172986
6.33333333333333,95.9624101650612,95.5423894209086,98.2873538961371,97.8627059501587
6.33928571428571,95.960354423825,95.5399881719018,98.2852806460642,97.8602864268678
6.34523809523809,95.9583112452817,95.5375988582672,98.2832188282682,97.8578795586792
6.35119047619048,95.9562793199455,95.5352234242755,98.2811683769953,97.8554853455928
6.35714285714286,95.9542571341735,95.5328632704794,98.2791282693536,97.8531046417859
6.36309523809524,95.9522446879655,95.5305145201677,98.2770985053432,97.8507368289391
6.36904761904762,95.9502419813216,95.5281771733403,98.2750812924187,97.8483811790473
6.375,95.9482490142418,95.5258512299973,98.2730747262505,97.8460376921104
6.38095238095238,95.9462658653038,95.5235366901386,98.2710776619785,97.8437094580397
6.38690476190476,95.9442958609405,95.5212335537643,98.2690900996026,97.8413938823921
6.39285714285714,95.9423350463395,95.5189409470221,98.2671120391228,97.839089359129
6.39880952380952,95.9403834215006,95.5166596004084,98.2651434805391,97.8367958882502
6.40476190476191,95.938440986424,95.5143908260665,98.2631845089939,97.8345134697558
6.41071428571429,95.9365077411097,95.5121346239963,98.2612381932839,97.8322421036459
6.41666666666667,95.9345836855576,95.5098916669725,98.259300788673,97.8299817899203
6.42261904761905,95.9326693617781,95.5076601124344,98.2573722951611,97.8277370939843
6.42857142857143,95.9307669253189,95.5054398208831,98.2554527127482,97.8255028084601
6.43452380952381,95.928873100365,95.5032323142767,98.2535420414343,97.8232789076711
6.44047619047619,95.9269878869163,95.5010383209996,98.2516402812194,97.8210653916173
6.44642857142857,95.9251112849729,95.4988544292294,98.2497479222567,97.8188622602987
6.45238095238095,95.9232432945347,95.4966806389663,98.2478669822725,97.8166695137153
6.45833333333333,95.9213839156017,95.4945169502103,98.2459943549442,97.8144877225063
6.46428571428571,95.9195327455454,95.4923633629612,98.2441300402719,97.8123201094592
6.47023809523809,95.91768942154,95.4902198772192,98.2422740382555,97.8101622201082
6.47619047619048,95.915855315699,95.4880895495722,98.240426348895,97.8080140544534
6.48214285714286,95.9140304280225,95.4859703233986,98.2385869721905,97.8058756124947
6.48809523809524,95.9122150792969,95.4838605882443,98.2367563477761,97.8037468942322
6.49404761904762,95.9104081845239,95.4817603441092,98.2349351347132,97.8016278996658
6.5,95.9086096197541,95.4796695909934,98.2331219674064,97.7995196722164
6.50595238095238,95.9068206030881,95.4775883288967,98.2313168458557,97.79742421624
6.51190476190476,95.9050408896927,95.4755165578194,98.2295197700611,97.7953378616135
6.51785714285714,95.9032686921063,95.4734576728774,98.2277309672442,97.7932606083368
6.52380952380952,95.9015040103291,95.4714086437148,98.2259512543687,97.7911924564099
6.52976190476191,95.8997468443609,95.4693685628108,98.2241791038808,97.7891334058328
6.53571428571429,95.8979971942018,95.4673374301653,98.2224145157804,97.7870834566056
6.54166666666667,95.8962550598518,95.4653152457783,98.2206574900676,97.7850439978451
6.54761904761905,95.8945194245743,95.4633020096498,98.2189081225676,97.7830159335864
6.55357142857143,95.8927914704724,95.4612977217799,98.2171685760255,97.7809964340212
6.55952380952381,95.8910715260694,95.459306044885,98.2154359680325,97.7789854991495
6.56547619047619,95.8893597948843,95.4573231729331,98.2137102985883,97.7769831289713
6.57142857142857,95.8876558350538,95.4553487125524,98.2119915676931,97.7749893234866
6.57738095238095,95.8859591590273,95.453382663743,98.2102797753468,97.7730040826953
6.58333333333333,95.8842699182244,95.4514250265049,98.2085749215495,97.7710290927044
6.58928571428571,95.8825900232083,95.4494758008381,98.2068776687846,97.7690643484388
6.59523809523809,95.8809167208514,95.4475350394182,98.2051889026902,97.7671076552727
6.60119047619048,95.8792500111538,95.4456064147097,98.2035066427769,97.7651590132059
6.60714285714286,95.8775898941156,95.4436857325881,98.2018308890446,97.7632184222386
6.61309523809524,95.8759363697366,95.4417729930534,98.2001616414934,97.7612858823707
6.61904761904762,95.8742894380169,95.4398681961057,98.1984989001233,97.7593613936023
6.625,95.8726501116108,95.4379713417448,98.1968426649343,97.7574468779135
6.63095238095238,95.8710185503908,95.4360824299708,98.1951926081215,97.7555415647554
6.63690476190476,95.8693931987244,95.4342019026014,98.1935488388573,97.7536438537139
6.64285714285714,95.8677740566115,95.4323323251196,98.1919120141849,97.7517537447889
6.64880952380952,95.8661611240521,95.4304702732643,98.1902822159916,97.7498712379803
6.65476190476191,95.8645544010464,95.4286157470355,98.1886589368071,97.7479963332883
6.66071428571429,95.8629538875941,95.4267687464333,98.1870424787142,97.7461290307127
6.66666666666667,95.8613608069977,95.4249292714575,98.185433665611,97.7442714487052
6.67261904761905,95.8597747194655,95.4230973221083,98.1838307369868,97.7424221667838
6.67857142857143,95.8581945049007,95.4212737188007,98.1822336928416,97.7405800686442
6.68452380952381,95.8566201633034,95.4194601268692,98.1806425331755,97.7387451542864
6.69047619047619,95.8550516946735,95.4176536400434,98.1790572579883,97.7369174237103
6.69642857142857,95.853489099011,95.4158542583233,98.1774778672802,97.7350968769161
6.70238095238095,95.8519323763159,95.414061981709,98.1759055454709,97.7332835139037
6.70833333333333,95.8503823263293,95.4122768102005,98.1743396137707,97.7314796170613
6.71428571428571,95.8488384858379,95.4104987437977,98.1727792140163,97.7296832199908
6.72023809523809,95.84730041097,95.4087288718847,98.1712243462077,97.7278936332961
6.72619047619048,95.8457681017257,95.4069679987255,98.1696750103449,97.7261108569772
6.73214285714286,95.844241558105,95.4052139051798,98.1681312064278,97.7243348910341
6.73809523809524,95.8427213712507,95.4034665912477,98.1665929344565,97.7225657354668
6.74404761904762,95.8412071467987,95.4017260569291,98.1650615650269,97.7208033902753
6.75,95.8396984402096,95.3999923022242,98.1635359858542,97.7190503314966
6.75595238095238,95.8381952514833,95.3982653271328,98.162015651965,97.7173040602928
6.76190476190476,95.8366975806199,95.3965464372555,98.1605005633593,97.7155642405907
6.76785714285714,95.835206007052,95.3948357028332,98.1589907200372,97.7138308723902
6.77380952380952,95.8337202740841,95.3931314321296,98.1574861219987,97.7121039556913
6.77976190476191,95.8322398535521,95.3914336251447,98.1559867692437,97.7103834904941
6.78571428571429,95.8307647454559,95.3897422818784,98.1544942216026,97.7086694767985
6.79166666666667,95.8292949497954,95.3880574023307,98.1530069576765,97.7069645180547
6.79761904761905,95.8278309377632,95.3863789865017,98.1515246636042,97.7052657113996
6.80357142857143,95.8263725803938,95.3847086393544,98.1500473393857,97.7035730402848
6.80952380952381,95.8249193014708,95.3830457512479,98.1485749850209,97.7018865047102
6.81547619047619,95.8234711009942,95.3813889856639,98.1471076005099,97.7002061046759
6.82142857142857,95.822027978964,95.3797383426023,98.1456451858527,97.6985318401818
6.82738095238095,95.820590652123,95.3780938220632,98.1441893551651,97.6968639857631
6.83333333333333,95.8191592174485,95.3764554240465,98.1427383658047,97.6952044592313
6.83928571428571,95.8177325482843,95.3748231485522,98.1412921298258,97.6935507745415
6.84523809523809,95.8163106446302,95.3731965768163,98.1398506472282,97.6919029316937
6.85119047619048,95.8148935064864,95.3715764602372,98.1384139180122,97.6902609306879
6.85714285714286,95.8134811338528,95.3699631859119,98.1369819421776,97.6886247715242
6.86309523809524,95.8120735267293,95.3683564744815,98.1355546617506,97.6869944542024
6.86904761904762,95.8106712746313,95.3667563284964,98.1341314120569,97.6853701993439
6.875,95.8092741083543,95.3651641431647,98.1327132512399,97.6837526218559
6.88095238095238,95.8078816938343,95.3635776660864,98.1313001792994,97.682140931308
6.88690476190476,95.8064940310714,95.3619968972614,98.1298921962356,97.6805351277
6.89285714285714,95.8051111200656,95.3604218366897,98.1284896263599,97.678935211032
6.89880952380952,95.8037335253982,95.3588524843712,98.1270917056473,97.6773418731411
6.90476190476191,95.8023607558747,95.3572888403061,98.1256984062349,97.6757543193466
6.91071428571429,95.8009925446882,95.3557322058688,98.1243097281227,97.6741724197121
6.91666666666667,95.7996288918385,95.3541821540884,98.1229268109466,97.6725961742376
6.92261904761905,95.7982697973257,95.3526375115731,98.1215484390233,97.6710266472534
6.92857142857143,95.7969164198049,95.3510982783228,98.1201743746674,97.6694634929786
6.93452380952381,95.7955677123005,95.3495644543374,98.1188046178791,97.6679055532571
6.94047619047619,95.7942232904256,95.3480360396171,98.1174391686583,97.6663528280889
6.94642857142857,95.7928831541805,95.3465130341617,98.1160780270049,97.664805317474
6.95238095238095,95.7915473035651,95.3449960774552,98.1147214050566,97.6632630214123
6.95833333333333,95.7902157385794,95.3434849054714,98.1133702715715,97.661725939904
6.96428571428571,95.7888884672983,95.3419792163303,98.1120232645855,97.6601956882492
6.97023809523809,95.7875665792145,95.340479010032,98.1106803840988,97.6586709122173
6.97619047619048,95.7862488981192,95.3389847147235,98.1093416301113,97.6571511491359
6.98214285714286,95.7849354240124,95.3374961710935,98.108007002623,97.6556363990049
6.98809523809524,95.7836261568941,95.3360128925756,98.106676501634,97.6541266618243
6.99404761904762,95.7823210967643,95.33453487917,98.1053501444667,97.652621937594
7,95.781020243623,95.3330621308764,98.1040280759785,97.6511222263142
7,95.781020243623,95.3330621308764,98.1040280759785,97.6511222263142
7.00595238095238,95.7796691484349,95.3315216298679,98.1026570272299,97.6495557549808
7.01190476190476,95.7782157866608,95.3298463708794,98.1011878532858,97.6478604850506
7.01785714285714,95.7766804118162,95.3280601242962,98.0996356211797,97.6460479915403
7.02380952380952,95.7750609593052,95.326166741736,98.0979999592618,97.6441377772137
7.02976190476191,95.7733675493512,95.3241737971285,98.0962966337066,97.6421274778424
7.03571428571429,95.7716138141634,95.3220987074584,98.0945262428789,97.6400387535774
7.04166666666667,95.7698002460387,95.3199538338198,98.0926948103783,97.6378780695798
7.04761904761905,95.7679353496147,95.317739184761,98.0908172108176,97.6356430186067
7.05357142857143,95.7660212451171,95.3154651822048,98.0888934441969,97.6333552531842
7.05952380952381,95.7640647117076,95.3131377961205,98.0869203991,97.6310183822222
7.06547619047619,95.7620698796212,95.3107659635945,98.084913324755,97.6286294754163
7.07142857142857,95.7600402975035,95.3083601005799,98.082877337855,97.6262015289171
7.07738095238095,95.757982695499,95.3059221614954,98.0808124384,97.6237438278384
7.08333333333333,95.7558961648797,95.303452146341,98.0787212008873,97.6212563721801
7.08928571428571,95.7537868989099,95.3009503903475,98.0766122507437,97.6187362299319
7.09523809523809,95.7516639327868,95.298427530879,98.0744858910244,97.6161968622574
7.10119047619048,95.7495272665103,95.2958886407271,98.0723421217293,97.6136433922995
7.10714285714286,95.7473769000806,95.2933337198918,98.0701809428584,97.6110758200583
7.11309523809524,95.7452113476271,95.2907611217991,98.0680020781194,97.6084941635442
7.11904761904762,95.7430351015586,95.2881783704868,98.0658155011029,97.6059039902891
7.125,95.7408557408286,95.2855934190425,98.0636236744134,97.6033096493418
7.13095238095238,95.7386732654371,95.283006267466,98.0614265980509,97.6007111407022
7.13690476190476,95.736487675384,95.2804169157575,98.0592230746667,97.5981084643704
7.14285714285714,95.7342989706695,95.2778253639169,98.0570167857467,97.5955016203464
7.14880952380952,95.7321063238444,95.2752326211347,98.0548127699663,97.5928907984651
7.15476190476191,95.7299157597388,95.2726440638901,98.0526110273254,97.590284761714
7.16071428571429,95.7277291409326,95.2700598171754,98.050411557824,97.5876846334629
7.16666666666667,95.7255464674258,95.2674798809906,98.0482143614622,97.5850904137119
7.17261904761905,95.7233677392184,95.2649049551272,98.0460194382398,97.5825021024607
7.17857142857143,95.7211929563105,95.2623380442354,98.0438276087066,97.5799196997096
7.18452380952381,95.719022118702,95.2597794722621,98.041642443175,97.5773432054584
7.19047619047619,95.7168570244139,95.2572292392072,98.0394642893993,97.5747763249327
7.19642857142857,95.7146998161032,95.2546884279218,98.0372931473796,97.5722196132144
7.20238095238095,95.7125504892295,95.2521593474685,98.0351290171158,97.5696730325568
7.20833333333333,95.7104090437929,95.2496409526245,98.0329718986078,97.5671365829601
7.21428571428571,95.7082754797935,95.2471332433898,98.0308217918558,97.5646102644241
7.22023809523809,95.7061497972311,95.2446362197645,98.0286811822667,97.5620940769489
7.22619047619048,95.7040320353878,95.2421498817486,98.0265501786323,97.5595878164778
7.23214285714286,95.7019256108921,95.239674229342,98.0244285040287,97.5570912878871
7.23809523809524,95.6998287748742,95.2372126533459,98.0223161584557,97.5546078999835
7.24404761904762,95.697741527334,95.2347645594531,98.0202131419134,97.5521376527669
7.25,95.6956638682716,95.232328442408,98.0181194544018,97.5496809179117
7.25595238095238,95.6935957976869,95.2299043022105,98.016035095921,97.5472380158765
7.26190476190476,95.69153731558,95.2274921388607,98.0139635702032,97.5448079006894
7.26785714285714,95.6894888969227,95.2250919523586,98.0119023458806,97.5423905723505
7.27380952380952,95.6874536528853,95.2227037427041,98.0098512799321,97.5399884146731
7.27976190476191,95.6854285244858,95.2203320288254,98.0078103723578,97.5376012239769
7.28571428571429,95.6834135117241,95.2179737269966,98.0057796231576,97.5352263417525
7.29166666666667,95.6814086146002,95.2156276093399,98.0037590323315,97.5328637679997
7.29761904761905,95.6794138331142,95.2132936758554,98.0017488465149,97.5305135027187
7.30357142857143,95.677429167266,95.210971926543,97.9997524080895,97.5281755459093
7.30952380952381,95.6754543238491,95.2086623614028,97.9977661659978,97.5258498975717
7.31547619047619,95.6734893949813,95.2063649804347,97.9957901202399,97.5235409106894
7.32142857142857,95.6715358347398,95.2040848273393,97.9938242708156,97.521245049643
7.32738095238095,95.6695935225481,95.2018171908315,97.9918686177252,97.5189612353612
7.33333333333333,95.6676620099796,95.1995614580326,97.9899231609684,97.5166894678439
7.33928571428571,95.6657422746335,95.1973176289425,97.9879885607672,97.5144297470911
7.34523809523809,95.6638328812254,95.1950857035612,97.9860671477514,97.5121820731028
7.35119047619048,95.6619338297555,95.1928656818888,97.9841555603501,97.509946445879
7.35714285714286,95.6600452597324,95.1906575783543,97.9822537985634,97.5077277833996
7.36309523809524,95.6581679014147,95.1884667590079,97.9803618623912,97.5055209862642
7.36904761904762,95.6563005209146,95.1862872588292,97.9784797518336,97.5033256560189
7.375,95.6544431182321,95.1841190778181,97.9766074668904,97.5011417926635
7.38095238095238,95.6525963538577,95.1819622159746,97.9747460365121,97.4989693961983
7.38690476190476,95.6507619513187,95.1798166732988,97.9728967352659,97.4968084666231
7.39285714285714,95.6489366864788,95.1776824497906,97.9710567147021,97.4946589232747
7.39880952380952,95.647120559338,95.1755601523681,97.9692259748207,97.4925194549093
7.40476190476191,95.6453135698963,95.1734536360482,97.9674045156218,97.4903925658655
7.41071428571429,95.6435157181536,95.1713577790174,97.9655923371052,97.4882782561435
7.41666666666667,95.64172700411,95.1692725812756,97.963789439271,97.486177013335
7.42261904761905,95.6399466596652,95.167198042823,97.9619971602565,97.4840875916902
7.42857142857143,95.6381751787173,95.1651341636595,97.9602158414904,97.4820094566483
7.43452380952381,95.6364135078714,95.163080943785,97.9584431916353,97.4799435598628
7.44047619047619,95.6346615949561,95.1610395058796,97.956679210691,97.4778917785583
7.44642857142857,95.6329176808654,95.1590123436872,97.9549238986578,97.4758500811457
7.45238095238095,95.6311832497979,95.1569951739276,97.9531772555354,97.4738184676248
7.45833333333333,95.6294583017536,95.1549879966007,97.951439281324,97.4717969379957
7.46428571428571,95.6277430212095,95.1529908117065,97.9497115819583,97.4697854922585
7.47023809523809,95.6260367078253,95.1510036192451,97.9479937200043,97.467784130413
7.47619047619048,95.6243390361938,95.1490264192164,97.9462839033482,97.4657952836531
7.48214285714286,95.622651854831,95.1470607621127,97.9445821319899,97.4638179640187
7.48809523809524,95.6209735277244,95.1451078688778,97.9428884059294,97.4618500874227
7.49404761904762,95.6193029755883,95.1431643655845,97.9412027251667,97.4598916538651
7.5,95.6176401984228,95.1412302522326,97.9395250897018,97.4579426633458
7.50595238095238,95.6159851962278,95.1393055288222,97.9378564862359,97.4560031158649
7.51190476190476,95.6143379690034,95.1373901953533,97.936196368246,97.4540730114224
7.51785714285714,95.6126986571392,95.1354842518259,97.9345440411159,97.452155130308
7.52380952380952,95.611069711648,95.1335896307026,97.9328995048458,97.4502474971097
7.52976190476191,95.6094480342134,95.1317064666371,97.9312627594356,97.4483487139619
7.53571428571429,95.6078336248352,95.1298321113408,97.9296345071037,97.4464587808647
7.54166666666667,95.6062264835135,95.1279665648136,97.9280143736833,97.444577697818
7.54761904761905,95.6046266102484,95.1261098270556,97.9264015747085,97.4427054648219
7.55357142857143,95.6030340050397,95.1242618980668,97.9247961101793,97.4408420818764
7.55952380952381,95.6014491597722,95.1224227778472,97.9231979800957,97.4389905811353
7.56547619047619,95.599873670164,95.1205946355228,97.9216081844067,97.4371482339706
7.57142857142857,95.5983049738127,95.1187767179231,97.9200266997738,97.4353141875204
7.57738095238095,95.5967430707184,95.1169671187875,97.9184519500832,97.4334884417848
7.58333333333333,95.595187960881,95.1151658381158,97.916883935335,97.4316709967637
7.58928571428571,95.5936396443005,95.113372875908,97.9153226555291,97.4298618524571
7.59523809523809,95.5920981209771,95.1115882321642,97.9137681106656,97.4280610088651
7.60119047619048,95.5905638192024,95.1098119068843,97.9122203007445,97.4262673136167
7.60714285714286,95.5890372929193,95.1080463690801,97.9106806680351,97.4244825302412
7.61309523809524,95.5875173917417,95.1062900226884,97.9091482124073,97.4227068171336
7.61904761904762,95.5860041156696,95.1045414980454,97.9076220784231,97.4209404839432
7.625,95.5844974647029,95.1028007951508,97.9061022660825,97.419182617578
7.63095238095238,95.5829976773019,95.1010679140048,97.9045887753855,97.4174329899743
7.63690476190476,95.5815053525393,95.0993428546073,97.903081606332,97.415693271578
7.64285714285714,95.5800193306017,95.0976256169583,97.9015807589221,97.4139624950954
7.64880952380952,95.5785396114893,95.0959189316376,97.9000878566097,97.4122391233921
7.65476190476191,95.577066195202,95.0942205068707,97.8986014275671,97.4105231564682
7.66071428571429,95.5755992084871,95.0925294678896,97.8971209304273,97.4088145943237
7.66666666666667,95.5741395929479,95.0908458146943,97.8956463651904,97.4071134369586
7.67261904761905,95.5726860053075,95.0891695472848,97.8941777318564,97.4054196843728
7.67857142857143,95.5712384455661,95.0875006656611,97.8927150304254,97.4037362536557
7.68452380952381,95.5697969137235,95.0858391698232,97.8912582608972,97.4020600839754
7.69047619047619,95.5683614097798,95.0841879138342,97.8898068205555,97.4003908737429
7.69642857142857,95.5669329277032,95.0825440920741,97.8883616026761,97.3987286229583
7.70238095238095,95.5655102927604,95.080907290152,97.8869227869544,97.3970733316215
7.70833333333333,95.5640933946702,95.0792775080678,97.8854901474456,97.3954249997326
7.71428571428571,95.5626822334325,95.0776547458215,97.8840634013005,97.3937837507949
7.72023809523809,95.5612768090475,95.0760390034133,97.8826438246296,97.3921523572078
7.72619047619048,95.5598779606235,95.0744302808429,97.8812300374458,97.3905275726036
7.73214285714286,95.55848497496,95.072831618476,97.8798216442667,97.3889093969825
7.73809523809524,95.5570975079669,95.0712396424983,97.8784186450924,97.3872978303444
7.74404761904762,95.5557155596443,95.0696543140213,97.877021039923,97.3856928726893
7.75,95.5543391299921,95.0680756330448,97.8756288287583,97.3840945240172
7.75595238095238,95.5529688702615,95.066503599569,97.8742423873141,97.3825032178997
7.76190476190476,95.5516042657351,95.0649382135936,97.8728627120038,97.3809208285186
7.76785714285714,95.5502449651846,95.0633797681124,97.8714881192676,97.3793447366213
7.77380952380952,95.5488909686099,95.0618306134276,97.8701186091055,97.3777749422079
7.77976190476191,95.5475422760111,95.0602877678747,97.8687541815176,97.3762114452782
7.78571428571429,95.5461999514891,95.0587512314536,97.8673948365037,97.3746542458324
7.79166666666667,95.544863316158,95.0572210041645,97.866040574064,97.3731033438704
7.79761904761905,95.5435316513237,95.0556970860072,97.8646919643955,97.3715594208169
7.80357142857143,95.5422049569862,95.0541794769818,97.863349485037,97.3700235625831
7.80952380952381,95.5408832331454,95.0526687768541,97.8620118557942,97.3684937197177
7.81547619047619,95.5395664798015,95.0511665433074,97.8606790766671,97.3669698922208
7.82142857142857,95.5382546969544,95.0496703168222,97.8593511476558,97.3654520800922
7.82738095238095,95.5369494154628,95.0481800973987,97.8580280687601,97.3639402833321
7.83333333333333,95.5356491521551,95.0466958850367,97.8567098399801,97.3624345019404
7.83928571428571,95.5343536264881,95.0452176797364,97.8553960798537,97.3609344694234
7.84523809523809,95.5330628384618,95.0437454814976,97.8540869176896,97.3594403788563
7.85119047619048,95.5317767880763,95.0422801634462,97.8527829568544,97.3579527590887
7.85714285714286,95.5304954753313,95.0408225916071,97.8514841973483,97.3564709216749
7.86309523809524,95.5292189002271,95.0393707429615,97.8501908004339,97.3549955413725
7.86904761904762,95.5279486733627,95.0379246175092,97.848902573453,97.3535266549918
7.875,95.5266830528893,95.0364842152503,97.8476190616628,97.3520638494558
7.88095238095238,95.5254219897112,95.0350495361847,97.8463402650633,97.3506087082237
7.88690476190476,95.5241654838285,95.0336205803125,97.8450665826269,97.3491595022612
7.89285714285714,95.5229135352412,95.0321984395828,97.8437984684543,97.3477157546429
7.89880952380952,95.5216661439492,95.0307833564794,97.8425347358045,97.3462774653687
7.90476190476191,95.5204232361449,95.0293737432624,97.8412753846773,97.3448446344387
7.91071428571429,95.5191842704514,95.0279695999318,97.8400204150729,97.3434172618529
7.91666666666667,95.5179502262178,95.0265709264876,97.8387698269911,97.3419958729727
7.92261904761905,95.5167211034441,95.0251777229298,97.8375236204321,97.3405815246784
7.92857142857143,95.5154969101684,95.0237899892584,97.836282671492,97.3391723892624
7.93452380952381,95.5142779473559,95.0224090222594,97.8350465956155,97.3377684667246
7.94047619047619,95.513063445365,95.0210345035587,97.8338146990949,97.3363697570651
7.94642857142857,95.5118534041955,95.0196652107621,97.8325869819302,97.3349762602838
7.95238095238095,95.5106478238476,95.0183011438696,97.8313634441215,97.3335879763807
7.95833333333333,95.509448030562,95.0169423028813,97.8301440856687,97.3322058396428
7.96428571428571,95.508252463982,95.0155886877971,97.8289289065718,97.3308303549227
7.97023809523809,95.5070610396518,95.014240298617,97.8277185927598,97.3294597836315
7.97619047619048,95.5058737575712,95.0128978077674,97.8265126925209,97.3280941257695
7.98214285714286,95.5046906177403,95.0115609514409,97.8253108908747,97.3267333813365
7.98809523809524,95.503511620159,95.0102293477856,97.8241131878213,97.3253775503326
7.99404761904762,95.5023367823564,95.0089029968014,97.8229195833607,97.3240266327577
8,95.501166264177,95.0075818984885,97.8217300774929,97.3226806286119
8,95.501166264177,95.0075818984885,97.8217300774929,97.3226806286119
8.00595238095238,95.499945424258,95.0061934398009,97.8204905057853,97.3212681425625
8.01190476190476,95.4986220512531,95.0046704662415,97.8191563148237,97.3197266791346
8.01785714285714,95.4972164193014,95.0030315564476,97.8177300377743,97.3180683155006
8.02380952380952,95.4957264210616,95.0012906823175,97.8162287123964,97.3163098364525
8.02976190476191,95.4941623344135,94.9994473702556,97.8146586093488,97.3144508524134
8.03571428571429,95.4925377775737,94.9975265337615,97.8130228752234,97.312515800079
8.04166666666667,95.4908514202901,94.9955305880262,97.8113291428819,97.3105062283611
8.04761904761905,95.4891076636552,94.9934705286818,97.8095794403484,97.3084320218436
8.05357142857143,95.4873227417316,94.9913496578019,97.8077825376228,97.3062967522523
8.05952380952381,95.4854966545193,94.9891708170527,97.8059382530916,97.3041099334765
8.06547619047619,95.4836263984573,94.9869487017113,97.8040635703587,97.3018746068706
8.07142857142857,95.4817246951807,94.9846803917384,97.8021584894242,97.2995980533435
8.07738095238095,95.4797982498603,94.9823813287997,97.8002230102879,97.2972861197981
8.08333333333333,95.4778470624962,94.9800567237306,97.7982633157525,97.2949393456204
8.08928571428571,95.4758691127061,94.9777065765311,97.7962852802057,97.2925734589082
8.09523809523809,95.4738702933908,94.9753340845472,97.7942886630365,97.2901884596615
8.10119047619048,95.4718599984546,94.9729458514998,97.7922734642448,97.2877843478803
8.10714285714286,95.4698382278976,94.9705417230285,97.7902394511408,97.2853586737545
8.11309523809524,95.4678049817197,94.9681219150616,97.788189937831,97.2829241397784
8.11904761904762,95.4657588388117,94.9656941874235,97.7861341054255,97.280483701014
8.125,95.46370433322,94.9632602866719,97.7840719539242,97.2780373574612
8.13095238095238,95.461648180999,94.9608185114701,97.7820034833271,97.2755851091201
8.13690476190476,95.4595903821488,94.9583762274236,97.7799296183131,97.2731257708649
8.14285714285714,95.4575309366694,94.9559361262978,97.7778557345902,97.2706677407785
8.14880952380952,95.4554698445606,94.9534982080928,97.7757818887007,97.2682129514069
8.15476190476191,95.4534069627433,94.9510624728084,97.7737080806445,97.2657614027501
8.16071428571429,95.4513462939295,94.9486289204447,97.7716343104217,97.2633130948081
8.16666666666667,95.4492896108208,94.9461973203036,97.7695618219735,97.260868027581
8.17261904761905,95.4472369134169,94.9437724273823,97.7674944574258,97.2584275746034
8.17857142857143,95.4451882017181,94.941355090177,97.7654322534807,97.255995568831
8.18452380952381,95.4431440073007,94.9389453086874,97.7633752101381,97.253572230783
8.19047619047619,95.441106678983,94.9365436157821,97.7613233273981,97.2511575604592
8.19642857142857,95.4390764865879,94.9341518538763,97.7592785020582,97.2487515578598
8.20238095238095,95.4370534301154,94.9317700603468,97.757241857534,97.2463542229847
8.20833333333333,95.4350375095655,94.9293982351938,97.7552133792346,97.243965555834
8.21428571428571,95.4330278810431,94.9270360507676,97.7531930671601,97.2415896533507
8.22023809523809,95.4310273294504,94.9246839428321,97.7511809213105,97.2392253330174
8.22619047619048,95.4290362235695,94.9223438808906,97.7491769416858,97.2368723495093
8.23214285714286,95.4270545634003,94.9200162415511,97.7471817200914,97.2345307028265
8.23809523809524,95.4250832065098,94.9177008046491,97.7451978546914,97.232200392969
8.24404761904762,95.4231217617641,94.9153964970002,97.7432237040317,97.2298814199368
8.25,95.4211701592942,94.9131040411626,97.741259268112,97.2275739646872
8.25595238095238,95.4192283991002,94.9108248868,97.7393045469326,97.2252832057502
8.26190476190476,95.4172997600131,94.9085590339124,97.7373595404933,97.223004624773
8.26785714285714,95.4153811593478,94.9063072653181,97.7354242487941,97.2207382217555
8.27380952380952,95.4134725413903,94.904068874273,97.7334998618505,97.2184839966977
8.27976190476191,95.4115739061406,94.9018431183297,97.731587973049,97.2162419495997
8.28571428571429,95.4096852535988,94.8996299974881,97.7296862753188,97.2140120804614
8.29166666666667,95.4078065837648,94.8974329204204,97.7277947686599,97.2117951876619
8.29761904761905,95.4059390545037,94.8952496262567,97.7259134530722,97.2095951657513
8.30357142857143,95.404084304223,94.8930782738528,97.7240423285558,97.2074073678709
8.30952380952381,95.4022395721225,94.8909188632088,97.7221813951107,97.2052317940207
8.31547619047619,95.4004048582023,94.8887713943247,97.720329884187,97.2030684442007
8.32142857142857,95.3985801624622,94.8866358672004,97.7184883679506,97.2009173184109
8.32738095238095,95.3967654849025,94.8845122818359,97.7166581509629,97.1987784166512
8.33333333333333,95.3949608255229,94.8824060668668,97.7148392332238,97.196651212104
8.33928571428571,95.3931678151659,94.8803115558572,97.7130298705052,97.194535567407
8.34523809523809,95.3913868676972,94.8782286283816,97.7112313145921,97.1924335191236
8.35119047619048,95.3896156184536,94.8761572844399,97.7094438783793,97.1903450672538
8.35714285714286,95.3878540674352,94.874097524032,97.7076677001632,97.1882684691136
8.36309523809524,95.3861022146419,94.8720493471581,97.7059025089803,97.1862044530384
8.36904761904762,95.3843600600738,94.8700133261014,97.7041475516687,97.1841535941739
8.375,95.3826276037308,94.8679936134252,97.7024036534347,97.1821160751935
8.38095238095238,95.3809055106327,94.8659849294992,97.7006719227338,97.1800916727638
8.38690476190476,95.3791937476077,94.8639872743233,97.6989495073198,97.1780792251547
8.39285714285714,95.3774917331023,94.8620006478977,97.6972364071927,97.1760795044197
8.39880952380952,95.3757994671164,94.8600250502222,97.6955326223526,97.1740949842368
8.40476190476191,95.3741176285205,94.8580604812969,97.6938381527993,97.1721211772244
8.41071428571429,95.3724454967938,94.8561080617904,97.6921529985329,97.1701580833825
8.41666666666667,95.3707826971217,94.8541704896223,97.6904793080266,97.1682057027111
8.42261904761905,95.3691292295044,94.8522433086869,97.6888157135393,97.1662640352102
8.42857142857143,95.367487635002,94.8503265189843,97.6871607965138,97.1643330808799
8.43452380952381,95.3658550495889,94.8484201205143,97.6855145569502,97.1624154258618
8.44047619047619,95.3642309414425,94.8465241132771,97.6838769948483,97.1605101753721
8.44642857142857,95.3626153105626,94.8446384972726,97.6822481102083,97.1586149349893
8.45238095238095,95.3610081569493,94.8427627133138,97.6806279030301,97.1567297047134
8.45833333333333,95.3594094806026,94.8408968054252,97.6790187655005,97.1548544845443
8.46428571428571,95.3578198401545,94.8390423446328,97.6774185771791,97.1529892744821
8.47023809523809,95.3562411190127,94.8371993309363,97.6758264727278,97.1511340745267
8.47619047619048,95.3546703054599,94.8353683000947,97.6742424521467,97.1492918454589
8.48214285714286,95.353107399496,94.8335476200911,97.6726665154357,97.1474606097919
8.48809523809524,95.3515524011211,94.8317371697362,97.6710986625948,97.1456387707109
8.49404761904762,95.3500053103351,94.8299389191145,97.669538893624,97.1438263282158
8.5,95.3484661271381,94.8281522044934,97.6679886324627,97.1420232823067
8.50595238095238,95.3469357469191,94.8263746335209,97.66644643837,97.1402296329834
8.51190476190476,95.3454151348347,94.8246062061968,97.6649120617526,97.1384453802461
8.51785714285714,95.3439019106023,94.8228469225212,97.6633855026103,97.1366698478136
8.52380952380952,95.3423960742219,94.8210967824941,97.6618667609432,97.1349042800415
8.52976190476191,95.3408976256933,94.8193557861155,97.6603569482509,97.1331489613991
8.53571428571429,95.3394065650166,94.8176272902541,97.6588548083107,97.1314037058506
8.54166666666667,95.3379228921919,94.8159081459594,97.6573600334796,97.1296708257399
8.54761904761905,95.3364477651519,94.8141975993153,97.6558726237575,97.12794649057
8.55357142857143,95.334981417689,94.8124956503219,97.6543925791446,97.1262307003408
8.55952380952381,95.3335219698766,94.810802298979,97.6529188922461,97.1245234550524
8.56547619047619,95.3320694217147,94.8091175452867,97.6514525103731,97.1228247547046
8.57142857142857,95.3306237732033,94.807441389245,97.6499937966231,97.1211345992976
8.57738095238095,95.3291850243424,94.8057774659333,97.6485429439679,97.1194550380093
8.58333333333333,95.3277531751321,94.8041218602544,97.6470994803292,97.1177852209892
8.58928571428571,95.3263289944306,94.8024743564611,97.6456630116698,97.1161234153158
8.59523809523809,95.324912328206,94.8008349545535,97.6442339523375,97.1144696209889
8.60119047619048,95.3235024035459,94.7992036545316,97.6428133079621,97.1128238380086
8.60714285714286,95.3220992204503,94.7975804563953,97.6413990312307,97.1111860663748
8.61309523809524,95.3207027789191,94.7959655817609,97.6399911221433,97.1095563060877
8.61904761904762,95.3193134849391,94.794362144698,97.6385895806999,97.1079369609182
8.625,95.3179316342027,94.7927663701809,97.6371944069004,97.1063263016423
8.63095238095238,95.3165561403141,94.7911782582098,97.635805600745,97.1047231758354
8.63690476190476,95.3151870032732,94.7895978087845,97.6344243775275,97.1031275834975
8.64285714285714,95.31382422308,94.7880250219052,97.633050219615,97.1015395246286
8.64880952380952,95.3124676864925,94.7864598975717,97.6316820187452,97.0999589992287
8.65476190476191,95.3111164730086,94.7849030329467,97.6303197749183,97.0983860072978
8.66071428571429,95.309771911489,94.7833565657337,97.6289634881342,97.0968231739112
8.66666666666667,95.3084340019337,94.781817342588,97.627613158393,97.0952681481575
8.67261904761905,95.3071029749424,94.7802853635094,97.6262687856945,97.0937202350373
8.67857142857143,95.3057781717617,94.7787606284981,97.6249318402657,97.0921794345505
8.68452380952381,95.3044594756912,94.777243137554,97.6236012677597,97.0906457466971
8.69047619047619,95.3031478589771,94.7757328906771,97.6222762939206,97.0891191714771
8.69642857142857,95.3018429346759,94.7742307746051,97.6209569187484,97.0875997088906
8.70238095238095,95.3005435961466,94.7727380062246,97.6196431422433,97.0860886723839
8.70833333333333,95.2992498433892,94.7712521338129,97.618334964405,97.084584888139
8.71428571428571,95.2979616764038,94.7697731573698,97.6170323852336,97.083088223402
8.72023809523809,95.2966790951902,94.7683010768955,97.6157369599336,97.0815986781729
8.72619047619048,95.2954020997486,94.7668358923899,97.614447306557,97.0801160168292
8.73214285714286,95.2941323934712,94.765377603853,97.6131629638808,97.078639775293
8.73809523809524,95.2928682924015,94.763926767175,97.6118839319051,97.0771709685862
8.74404761904762,95.2916094796549,94.7624837060168,97.61061021063,97.0757097349125
8.75,95.2903559552314,94.7610475314948,97.6093418000554,97.0742556414148
8.75595238095238,95.2891077191311,94.7596182436088,97.6080787001813,97.0728084296253
8.76190476190476,95.287864771354,94.758195842359,97.6068225004516,97.0713690619503
8.76785714285714,95.2866271118999,94.7567813196588,97.6055715598129,97.0699364065831
8.77380952380952,95.2853966621477,94.7553736104299,97.6043256743718,97.0685102418046
8.77976190476191,95.284171281391,94.7539724661185,97.6030848441284,97.0670905676148
8.78571428571429,95.28295092311,94.7525778867245,97.6018490690827,97.065677724115
8.79166666666667,95.2817355873046,94.7511901887905,97.6006183492346,97.0642720054522
8.79761904761905,95.2805252739748,94.7498098739572,97.5993926845842,97.0628725157313
8.80357142857143,95.2793199831207,94.7484359317572,97.5981738480935,97.0614792549524
8.80952380952381,95.2781196506781,94.7470683621907,97.5969597904702,97.0600922231155
8.81547619047619,95.2769238942327,94.7457071652577,97.5957505114976,97.0587132509571
8.82142857142857,95.2757335870967,94.7443531008783,97.5945460111759,97.05734066921
8.82738095238095,95.2745487988373,94.7430055240943,97.5933462895051,97.0559738394012
8.83333333333333,95.2733692219372,94.7416640462478,97.5921513464851,97.0546127615307
8.83928571428571,95.2721949576186,94.740328667339,97.5909613685645,97.0532574355985
8.84523809523809,95.2710269914591,94.7389995274061,97.5897776066979,97.0519078616046
8.85119047619048,95.2698636847057,94.7376773998457,97.5885984142424,97.0505641170738
8.85714285714286,95.2687050373583,94.7363612072716,97.587423791198,97.0492284933827
8.86309523809524,95.267551049417,94.7350509496839,97.5862537375648,97.0478983742328
8.86904761904762,95.2664017208818,94.7337466270824,97.5850882533428,97.0465737596241
8.875,95.2652570517527,94.7324488902601,97.5839273385319,97.0452546495565
8.88095238095238,95.2641179457088,94.7311572192986,97.5827713503618,97.04394104403
8.88690476190476,95.2629841146948,94.7298712708793,97.5816210986385,97.0426329430448
8.89285714285714,95.2618547299364,94.7285910450021,97.5804752077289,97.0413306984669
8.89880952380952,95.2607297914334,94.7273170696526,97.5793336776327,97.0400358613274
8.90476190476191,95.2596092991859,94.7260502934087,97.5781965083502,97.038746312212
8.91071428571429,95.2584932531938,94.7247888267734,97.5770636998812,97.0374620511207
8.91666666666667,95.2573816534572,94.7235326697469,97.5759352522257,97.0361830780536
8.92261904761905,95.2562755787299,94.7222818223292,97.5748116546789,97.0349093930106
8.92857142857143,95.2551743299738,94.7210362845202,97.5736933266281,97.0336409959918
8.93452380952381,95.254077338913,94.7197960563199,97.572579180155,97.0323784679954
8.94047619047619,95.2529846055474,94.7185622545338,97.5714692152597,97.0311227725023
8.94642857142857,95.2518961298771,94.717334699297,97.570363431942,97.0298721330111
8.95238095238095,95.250811911902,94.716112258332,97.5692618302021,97.0286265495219
8.95833333333333,95.2497319516222,94.7148949316388,97.5681644100399,97.0273860220346
8.96428571428571,95.248657405547,94.7136827192176,97.5670708282933,97.0261505505494
8.97023809523809,95.2475872994584,94.7124756210682,97.5659811963767,97.0249201350662
8.97619047619048,95.2465212858218,94.7112736371906,97.5648960516998,97.0236950978481
8.98214285714286,95.2454593646371,94.7100771769495,97.5638153942627,97.0224757008967
8.98809523809524,95.2444015359044,94.7088861591948,97.5627389632022,97.0212613939618
8.99404761904762,95.2433477996236,94.7077003614564,97.5616667384518,97.0200521770434
9,95.2422981557949,94.7065197837343,97.5605988929241,97.0188480501415
9,95.2422981557949,94.7065197837343,97.5605988929241,97.0188480501415
9.00595238095238,95.2411979392777,94.7052710065515,97.5594809776082,97.0175773074711
9.01190476190476,95.2399949417603,94.7038866794861,97.5582681947113,97.016173782524
9.01785714285714,95.2387094951445,94.7023907083727,97.5569679359059,97.0146610337292
9.02380952380952,95.2373412135798,94.7007815887331,97.5555845240096,97.0130371508086
9.02976190476191,95.2358993156154,94.6990833994297,97.5541311394777,97.0113249947266
9.03571428571429,95.2343904644913,94.6973000271057,97.5526164471582,97.0095303374101
9.04166666666667,95.2328233081559,94.6954353487972,97.5510375035186,97.0076532503082
9.04761904761905,95.2311967736498,94.6935107871123,97.549406562412,97.0057170885962
9.05357142857143,95.2295281597962,94.6915258324733,97.5477336045217,97.0037222385072
9.05952380952381,95.2278209471095,94.6894817383912,97.5460186298474,97.0016671917973
9.06547619047619,95.2260751355897,94.6873988330865,97.5442584791917,96.9995729609118
9.07142857142857,95.2242883943296,94.6852771165594,97.5424689045056,96.9974406207386
9.07738095238095,95.2224781104327,94.6831136078356,97.5406540014891,96.9952673280678
9.08333333333333,95.2206453191925,94.6809224575229,97.5388137701422,96.9930637580166
9.08928571428571,95.2187900206091,94.6787098736316,97.536945647413,96.9908395073234
9.09523809523809,95.216909393358,94.6764758561616,97.5350574823084,96.9885945759883
9.10119047619048,95.215014441164,94.6742179567074,97.5331575428352,96.9863279153557
9.10714285714286,95.2131097486491,94.6719463288,97.5312458289935,96.9840418467064
9.11309523809524,95.2111953158133,94.6696667993571,97.5293223407834,96.9817486816942
9.11904761904762,95.2092711426565,94.6673793683786,97.5273857049529,96.9794484203191
9.125,95.2073377623904,94.6650840358647,97.5254400602868,96.977141062581
9.13095238095238,95.2054011057104,94.6627794806105,97.5234925687077,96.9748258050105
9.13690476190476,95.2034626975699,94.6604747460386,97.5215432302157,96.9725058028835
9.14285714285714,95.201522537969,94.6581717980029,97.5195920448106,96.9701881850865
9.14880952380952,95.1995806269076,94.6558706365034,97.5176390124926,96.9678729516195
9.15476190476191,95.1976369643857,94.6535712615401,97.5156835691231,96.9655601024824
9.16071428571429,95.1956915987092,94.651273643806,97.5137294863805,96.9632496376754
9.16666666666667,95.1937497083949,94.6489801431733,97.5117801022004,96.9609411045321
9.17261904761905,95.1918130610487,94.6466944428554,97.5098354165828,96.9586376915268
9.17857142857143,95.1898816566707,94.6444165428525,97.5078954295277,96.9563419483969
9.18452380952381,95.1879554952608,94.6421464431643,97.505960141035,96.9540538751424
9.19047619047619,95.1860345768192,94.639884143791,97.5040295511049,96.9517730096908
9.19642857142857,95.1841200276651,94.6376296447325,97.5021031263115,96.9494999596568
9.20238095238095,95.1822139495996,94.6353824826648,97.5001835190486,96.9472375686478
9.20833333333333,95.1803161402401,94.6331438795765,97.4982721207788,96.9449858366637
9.21428571428571,95.1784265995865,94.6309168273082,97.4963689315023,96.9427445944917
9.22023809523809,95.1765453276389,94.6287013258601,97.494474355387,96.9405129947395
9.22619047619048,95.1746723243972,94.6264975685266,97.4925891614879,96.9382936982334
9.23214285714286,95.1728075898615,94.6243068547641,97.4907131885663,96.9360867049733
9.23809523809524,95.1709537506458,94.6221280787373,97.4888464366222,96.9338924755704
9.24404761904762,95.1691103319964,94.6199612404464,97.486990372993,96.931711134552
9.25,95.1672766213322,94.617806408978,97.4851455499681,96.9295421452872
9.25595238095238,95.1654526186532,94.6156657209862,97.483310506459,96.9273855077761
9.26190476190476,95.1636383239594,94.6135373462411,97.4814852424658,96.9252457153575
9.26785714285714,95.1618337372507,94.6114212847425,97.4796697579883,96.9231181764736
9.27380952380952,95.1600388585271,94.6093175364906,97.4778640530266,96.9210027798459
9.27976190476191,95.1582570571313,94.6072285698869,97.4760681275807,96.9188995254745
9.28571428571429,95.1564858661124,94.6051542653803,97.4742850067823,96.9168084133593
9.29166666666667,95.1547247685712,94.603091940571,97.4725127826211,96.9147294435004
9.29761904761905,95.1529737645077,94.6010415954591,97.4707506459591,96.9126643668447
9.30357142857143,95.151232853922,94.5990032300445,97.4689985967965,96.9106151722017
9.30952380952381,95.1495020368139,94.5969768443273,97.4672566351331,96.9085780040164
9.31547619047619,95.1477813131835,94.5949624383074,97.4655247609691,96.9065528622888
9.32142857142857,95.1460744514589,94.5929643107845,97.4638029743043,96.904539747019
9.32738095238095,95.1443776178259,94.59097925255,97.4620942907827,96.9025386582068
9.33333333333333,95.1426906935805,94.5890058515223,97.460395962992,96.9005495958523
9.33928571428571,95.1410136787227,94.5870441077013,97.4587076749184,96.8985750059315
9.34523809523809,95.1393465732525,94.585094021087,97.4570294265619,96.8966152258118
9.35119047619048,95.1376893771699,94.5831555916795,97.4553612179225,96.8946670096261
9.35714285714286,95.1360423998103,94.5812288194786,97.4537030490003,96.8927303573744
9.36309523809524,95.1344087606541,94.5793184706185,97.4520549792376,96.8908052690568
9.36904761904762,95.13278453922,94.5774199661405,97.4504204658242,96.8888917446731
9.375,95.1311697355079,94.5755326140901,97.4487953032567,96.8869897842234
9.38095238095238,95.1295643495178,94.5736564144672,97.4471794915352,96.8851022585736
9.38690476190476,95.1279683812497,94.5717913672719,97.4455730306596,96.8832281676935
9.39285714285714,95.1263818307037,94.5699374725041,97.44397592063,96.881365022846
9.39880952380952,95.1248054032849,94.5680947301639,97.4423881614463,96.879512824031
9.40476190476191,95.1232411608844,94.566268241006,97.4408102201267,96.8776715712486
9.41071428571429,95.1216857647337,94.5644523312833,97.4392445982684,96.8758412644986
9.41666666666667,95.1201392148325,94.5626469323226,97.4376877807634,96.8740219037813
9.42261904761905,95.118601511181,94.5608520441237,97.4361397676117,96.872212383771
9.42857142857143,95.1170726537791,94.5590676666867,97.4346005588132,96.8704140889121
9.43452380952381,95.1155526426269,94.5572938000115,97.433070154368,96.8686277742602
9.44047619047619,95.1140425062221,94.555530933266,97.4315485542761,96.8668528708897
9.44642857142857,95.1125433018842,94.5537828186932,97.4300365261695,96.865088177481
9.45238095238095,95.1110523591832,94.552044590881,97.4285354300126,96.8633350433365
9.45833333333333,95.1095696781192,94.5503162498296,97.4270425272587,96.8615934684562
9.46428571428571,95.1080952586922,94.548597795539,97.4255578179078,96.8598636804467
9.47023809523809,95.1066291009021,94.5468892280091,97.42408130196,96.8581444456502
9.47619047619048,95.105171204749,94.5451905472399,97.4226129794153,96.8564355202873
9.48214285714286,95.1037228662536,94.5435027469055,97.4211528502736,96.8547355802839
9.48809523809524,95.1022843098001,94.5418282255344,97.4197019720487,96.8530464329976
9.49404761904762,95.1008534538574,94.5401629737366,97.4182609106618,96.8513680784285
9.5,95.0994302984256,94.5385069915122,97.4168274511047,96.8497009225512
9.50595238095238,95.0980148435047,94.536860278861,97.4154015933773,96.8480436836336
9.51190476190476,95.0966070890947,94.5352228357832,97.4139833374797,96.8463961688291
9.51785714285714,95.0952070351955,94.5335946622787,97.4125726834118,96.8447589526297
9.52380952380952,95.0938161874573,94.5319771746699,97.4111696311736,96.8431316535383
9.52976190476191,95.0924340821252,94.530371628439,97.4097756949312,96.8415136933886
9.53571428571429,95.0910591535193,94.5287747744011,97.4083907563222,96.8399050721809
9.54166666666667,95.0896914016397,94.5271866125562,97.4070128108248,96.8383066189264
9.54761904761905,95.0883308264863,94.5256071429044,97.4056418584389,96.8367171471988
9.55357142857143,95.0869774280591,94.5240363654457,97.4042778991646,96.8351366301634
9.55952380952381,95.0856312063581,94.52247428018,97.4029209330018,96.8335664478186
9.56547619047619,95.0842913471878,94.5209226506919,97.4015709599505,96.8320066170266
9.57142857142857,95.0829585663651,94.5193817064228,97.4002294203441,96.8304548886956
9.57738095238095,95.0816334571011,94.5178489530926,97.3988957081191,96.8289112628254
9.58333333333333,95.0803156403385,94.5163243907014,97.3975686021249,96.8273757394161
9.58928571428571,95.0790042432077,94.5148080192491,97.3962481023617,96.8258483184676
9.59523809523809,95.0777002651439,94.5132998387358,97.3949342088295,96.8243289999801
9.60119047619048,95.0764037061472,94.5117998491615,97.3936269215282,96.822816742835
9.60714285714286,95.0751146782176,94.5103101551041,97.3923262404578,96.8213128436156
9.61309523809524,95.0738325078127,94.5088300961842,97.3910337322981,96.8198177472435
9.61904761904762,95.0725573731199,94.5073577374178,97.3897482583498,96.8183317293451
9.625,95.0712900123476,94.505893078805,97.3884689646674,96.816854165566
9.63095238095238,95.0700290064346,94.5044361203458,97.3871958512507,96.815384619408
9.63690476190476,95.0687743553809,94.5029868620403,97.3859289180998,96.8139235753365
9.64285714285714,95.0675260591865,94.5015453038883,97.3846681652148,96.812471360559
9.64880952380952,95.0662841178514,94.5001137724906,97.3834135925955,96.8110267051417
9.65476190476191,95.0650496648274,94.4986908849441,97.3821668633861,96.8095896090848
9.66071428571429,95.0638212835719,94.497275287888,97.3809264676231,96.8081600723881
9.66666666666667,95.0625989121159,94.4958669813222,97.3796918808006,96.806738921035
9.67261904761905,95.0613825504595,94.4944659652467,97.3784631029183,96.80532575691
9.67857142857143,95.0601721986026,94.4930722396616,97.3772401339765,96.8039198119762
9.68452380952381,95.0589694344389,94.4916858045668,97.3760229739751,96.8025210862334
9.69047619047619,95.0577728065796,94.4903092838219,97.374811622914,96.8011295796818
9.69642857142857,95.0565817485745,94.4889405484764,97.3736078667495,96.7997464041802
9.70238095238095,95.0553962604237,94.4875786901153,97.3724098337122,96.7983704558961
9.70833333333333,95.0542163421272,94.4862237087388,97.3712172659542,96.7970013957273
9.71428571428571,95.053041993685,94.4848756043469,97.3700301634757,96.7956392236738
9.72023809523809,95.0518732150971,94.4835343769395,97.3688485262765,96.7942839397355
9.72619047619048,95.0507120662697,94.4822000265167,97.3676723543567,96.7929379124251
9.73214285714286,95.0495562376823,94.4808752660683,97.3665016477163,96.791598536132
9.73809523809524,95.0484056849084,94.4795575098078,97.3653383915314,96.7902655528644
9.74404761904762,95.047260407948,94.4782463112683,97.3641802932639,96.7889389626223
9.75,95.0461204068011,94.4769416704499,97.3630273378908,96.7876187654055
9.75595238095238,95.0449856814678,94.4756435873526,97.3618795254119,96.7863049612143
9.76190476190476,95.0438564434249,94.4743520619764,97.3607368558273,96.7849979822302
9.76785714285714,95.0427342715966,94.4730670943213,97.359599329137,96.783699538925
9.77380952380952,95.0416171159484,94.4717881047523,97.358467138617,96.7824072064998
9.77976190476191,95.0405049764803,94.4705163479196,97.3573417033414,96.7811209849546
9.78571428571429,95.0393978531924,94.4692512770212,97.3562211653378,96.7798408742894
9.79166666666667,95.0382957460845,94.4679929320838,97.355105524606,96.7785668745042
9.79761904761905,95.0371986551567,94.466741737511,97.3539947811461,96.7772989855989
9.80357142857143,95.0361069813198,94.4654975463804,97.3528889349581,96.7760379954
9.80952380952381,95.0350217147353,94.4642599482629,97.351787986042,96.7747849644981
9.81547619047619,95.0339412504021,94.4630311666744,97.3506923248518,96.7735377131877
9.82142857142857,95.0328655883201,94.4618084501427,97.3496029201677,96.7722962414691
9.82738095238095,95.0317947284894,94.4605916319067,97.348518154044,96.771060549342
9.83333333333333,95.03072867091,94.4593807119662,97.3474380264805,96.7698306368065
9.83928571428571,95.0296674155818,94.4581756903214,97.3463625374774,96.7686065038627
9.84523809523809,95.0286115173138,94.4569765669722,97.3452916870345,96.7673878776706
9.85119047619048,95.0275614773222,94.455784343179,97.3442254751519,96.7661750406764
9.85714285714286,95.0265160338671,94.4545995603474,97.3431643033256,96.7649684993434
9.86309523809524,95.0254751869486,94.4534203818696,97.3421085772006,96.7637676085832
9.86904761904762,95.0244389365666,94.4522468077456,97.3410573786934,96.7625730298151
9.875,95.0234072827212,94.4510788379754,97.3400107078041,96.7613847954026
9.88095238095238,95.0223802254124,94.449916472559,97.3389685645327,96.7602024916079
9.88690476190476,95.0213584921894,94.4487597114964,97.3379309488792,96.7590278143711
9.89285714285714,95.0203421874682,94.4476090977527,97.3368978608435,96.7578588632139
9.89880952380952,95.0193302602656,94.4464647029687,97.3358689077627,96.7566952144779
9.90476190476191,95.0183227105816,94.4453259916761,97.3348441277466,96.755536868163
9.91071428571429,95.017319538416,94.4441929638749,97.3338241269197,96.7543838242692
9.91666666666667,95.0163207437691,94.4430658459206,97.3328089052822,96.7532360827967
9.92261904761905,95.0153263266407,94.441944925997,97.3317985900411,96.7520942764092
9.92857142857143,95.0143371561887,94.4408294945159,97.3307928751318,96.7509594232838
9.93452380952381,95.0133529839038,94.4397195514774,97.3297915366201,96.7498296085943
9.94047619047619,95.0123730003566,94.438615075011,97.328794574506,96.7487048323406
9.94642857142857,95.011397205547,94.4375155327168,97.3278028934619,96.7475850945226
9.95238095238095,95.010425599475,94.4364217908291,97.3268159099926,96.7464703951405
9.95833333333333,95.0094581821406,94.4353331827237,97.3258329068738,96.7453607341941
9.96428571428571,95.0084949535438,94.4342501947359,97.3248538841056,96.7442568589004
9.97023809523809,95.0075365760188,94.4331729744743,97.323878841688,96.7431591070226
9.97619047619048,95.0065826916445,94.4321012080015,97.3229077796208,96.7420662547743
9.98214285714286,95.005632917125,94.4310351792327,97.3219406979041,96.7409783021556
9.98809523809524,95.0046872524601,94.4299745063217,97.3209778193206,96.7398952491662
9.99404761904762,95.00374569765,94.428918986053,97.3200190970566,96.7388170958064
10,95.0028082526946,94.4278686184266,97.3190645139484,96.7377438420761
10,95.0028082526946,94.4278686184266,97.3190645139484,96.7377438420761
10.0059523809524,95.0018198470226,94.4267497556762,97.3180602002621,96.7366031604169
10.0119047619048,95.0007316921702,94.4254979046489,97.3169583194495,96.7353342074174
10.0178571428571,94.9995542719144,94.424127657744,97.3157699344296,96.7339498459201
10.0238095238095,94.9982931136157,94.4226511666999,97.3145012274284,96.732460643694
10.0297619047619,94.9969648208118,94.4210799706927,97.313159706224,96.7308785291183
10.0357142857143,94.9955681455052,94.419418867771,97.3117538678874,96.7292089740608
10.0416666666667,94.9941075827606,94.4176847964731,97.310282891243,96.7274624100149
10.047619047619,94.9926001129958,94.4158881871163,97.3087656605334,96.7256565304584
10.0535714285714,94.9910457362107,94.4140263155884,97.3072042716372,96.7237913353912
10.0595238095238,94.9894454351885,94.4121126471513,97.3055976678359,96.7218654472506
10.0654761904762,94.9878081507626,94.4101578598247,97.3039480930676,96.7199006051566
10.0714285714286,94.9861362223233,94.4081619552858,97.3022714308261,96.7178976715021
10.077380952381,94.9844357639697,94.406133628584,97.3005676811115,96.7158540711196
10.0833333333333,94.9827028779697,94.404078235738,97.2988368439238,96.7137794130497
10.0892857142857,94.980954059576,94.4019957767478,97.2970763749764,96.7116840192881
10.0952380952381,94.9791896943573,94.3998862205144,97.2953017357806,96.7095678898348
10.1011904761905,94.9774097823136,94.397752664958,97.2935137662969,96.7074310788866
10.1071428571429,94.975614323445,94.3956080217201,97.2917124665253,96.7052803814439
10.1130952380952,94.9738016345335,94.3934522908007,97.2898978364658,96.7031202527817
10.1190476190476,94.9719842897381,94.39128580771,97.2880681649858,96.7009506929001
10.125,94.9701624954312,94.3891148565352,97.2862353603019,96.6987717017992
10.1309523809524,94.9683362516127,94.3869414990437,97.2843996311296,96.6965822839599
10.1369047619048,94.9665055582827,94.3847657352354,97.2825609774687,96.6943870820045
10.1428571428571,94.9646693869086,94.3825875651104,97.2807193993194,96.6921950149318
10.1488095238095,94.9628327291063,94.3804069886687,97.2788744858216,96.6900060827419
10.1547619047619,94.9609991312888,94.3782261444969,97.2770281627988,96.6878202854347
10.1607142857143,94.9591685934561,94.3760512189996,97.2751859006994,96.6856376230103
10.1666666666667,94.9573411156081,94.3738823030575,97.2733476995232,96.6834580954686
10.172619047619,94.955516697745,94.3717193966704,97.2715135592704,96.6812825991517
10.1785714285714,94.9536953398666,94.3695624998385,97.2696834799408,96.6791153183234
10.1845238095238,94.951876885801,94.3674131155413,97.2678574615345,96.6769567794605
10.1904761904762,94.9500651900595,94.3652737472725,97.2660358843415,96.6748069825632
10.1964285714286,94.9482605504589,94.3631441831034,97.2642216748453,96.6726659276312
10.202380952381,94.9464629669994,94.3610244230341,97.262415319308,96.6705336146647
10.2083333333333,94.9446731086526,94.3589144670646,97.2606168177296,96.6684100436637
10.2142857142857,94.9428919048304,94.3568143151949,97.2588261701103,96.666294395739
10.2202380952381,94.9411192900675,94.354723967425,97.2570433764498,96.6641899845302
10.2261904761905,94.9393552643639,94.3526476234505,97.2552684367484,96.6620978029141
10.2321428571429,94.9375990300525,94.350583547231,97.2535026447367,96.6600178508908
10.2380952380952,94.9358518791885,94.3485310230414,97.2517476059341,96.6579484593054
10.2440476190476,94.9341149929911,94.3464900508818,97.2500021397313,96.6558916794333
10.25,94.9323883714602,94.3444606307522,97.2482662461282,96.6538480603457
10.2559523809524,94.9306726298961,94.3424427626525,97.246539925125,96.6518176020424
10.2619047619048,94.9289673815717,94.3404364465828,97.2448231767215,96.6498011505195
10.2678571428571,94.9272722917015,94.3384403077638,97.2431160009179,96.6477975343446
10.2738095238095,94.9255873602855,94.3364577563515,97.2414203388011,96.645806649417
10.2797619047619,94.9239113111084,94.3344889284381,97.2397362835831,96.6438307673576
10.2857142857143,94.9222459976582,94.3325339121502,97.2380623392703,96.6418698047783
10.2916666666667,94.9205918074753,94.3305936528043,97.2363985058627,96.6399209397814
10.297619047619,94.9189488427502,94.3286660655238,97.2347447833602,96.6379841723671
10.3035714285714,94.9173175057672,94.3267511503088,97.2331011717628,96.6360595025353
10.3095238095238,94.9156965810705,94.3248497599565,97.2314676710706,96.6341469302861
10.3154761904762,94.91408606866,94.3229650201515,97.2298467201089,96.6322464556193
10.3214285714286,94.9124873745045,94.3210920246956,97.2282370645121,96.6303624907463
10.327380952381,94.9109008021325,94.3192307735889,97.2266373742188,96.628491370722
10.3333333333333,94.9093239819818,94.3173812668314,97.2250476492289,96.6266320184534
10.3392857142857,94.9077569140525,94.315543504423,97.2234678895424,96.6247844339405
10.3452380952381,94.9061995983444,94.3137174863639,97.2218980951594,96.6229486171832
10.3511904761905,94.9046520348576,94.3119022904888,97.2203382660799,96.6211245681817
10.3571428571429,94.9031142235921,94.3100987544537,97.2187912565423,96.6193122869358
10.3630952380952,94.9015888324101,94.3083082617408,97.2172546941028,96.6175167363155
10.3690476190476,94.9000738356484,94.30653081235,97.2157276170828,96.6157327416434
10.375,94.8985681395461,94.3047671548804,97.2142100254823,96.6139599358934
10.3809523809524,94.8970717441035,94.3030155494172,97.2127019193013,96.6121983190656
10.3869047619048,94.8955846493203,94.3012756396267,97.2112032985398,96.6104478911599
10.3928571428571,94.8941068551966,94.2995478891484,97.2097141631978,96.6087086521764
10.3988095238095,94.8926383617325,94.2978357121051,97.2082375336118,96.6069808321757
10.4047619047619,94.8911822126886,94.296134060042,97.2067703114922,96.6052689492058
10.4107142857143,94.8897353882232,94.2944429329591,97.2053120058607,96.6035675872736
10.4166666666667,94.8882972866341,94.2927623308565,97.2038626167171,96.6018767463793
10.422619047619,94.8868679079212,94.2910922537342,97.2024221440615,96.6001964265227
10.4285714285714,94.8854472520846,94.2894327015921,97.2009905878939,96.598526627704
10.4345238095238,94.8840353191243,94.2877857424192,97.1995679482143,96.5968673499231
10.4404761904762,94.8826321090403,94.2861517236198,97.1981533843814,96.5952193333671
10.4464285714286,94.8812407962552,94.2845276019878,97.1967483381842,96.5935856183362
10.452380952381,94.8798578062711,94.2829133775231,97.1953527390224,96.591961763984
10.4583333333333,94.8784829726847,94.2813090502258,97.1939665092039,96.5903477703103
10.4642857142857,94.8771162954962,94.2797146200959,97.1925913356252,96.5887436373153
10.4702380952381,94.8757577747055,94.2781300871333,97.1912241598716,96.587149364999
10.4761904761905,94.8744074103126,94.2765579280444,97.189864981943,96.5855649533613
10.4821428571429,94.8730651016603,94.2749973329054,97.1885138018396,96.5839915970833
10.4880952380952,94.8717297902139,94.2734460599765,97.1871706195611,96.5824310492949
10.4940476190476,94.8704032333004,94.2719041092576,97.1858354351078,96.5808797127188
10.5,94.8690854309198,94.2703714807488,97.1845073894536,96.579337587355
10.5059523809524,94.8677766834218,94.26884817445,97.1831871110145,96.5778046732034
10.5119047619048,94.8664761405399,94.2673341903612,97.1818753006378,96.5762809702642
10.5178571428571,94.8651834867551,94.265832396398,97.1805720896748,96.5747664785372
10.5238095238095,94.8638993582951,94.2643409901869,97.1792773155391,96.573262763273
10.5297619047619,94.8626247451703,94.2628583127933,97.1779902096621,96.5717705168686
10.5357142857143,94.8613572445766,94.2613843642172,97.176710772044,96.5702868773502
10.5416666666667,94.8600968565139,94.2599191444584,97.1754409720057,96.5688118447179
10.547619047619,94.8588435809824,94.2584626535171,97.1741784797881,96.5673454189717
10.5535714285714,94.857597417982,94.2570148913933,97.1729229191261,96.5658876001115
10.5595238095238,94.8563583675127,94.2555789573345,97.1716742900197,96.5644383881374
10.5654761904762,94.8551280220883,94.25415231536,97.1704325924689,96.5629996343334
10.5714285714286,94.8539055656731,94.2527338951692,97.1691978264738,96.56157110701
10.577380952381,94.852689731763,94.2513236967621,97.1679705322463,96.5601506662264
10.5833333333333,94.8514805203581,94.2499217201386,97.1667519332704,96.5587383119827
10.5892857142857,94.8502779314582,94.2485279652988,97.1655397787222,96.5573340442788
10.5952380952381,94.8490819650634,94.2471424322426,97.1643340686019,96.5559378631148
10.6011904761905,94.8478926211737,94.2457683664963,97.1631348029094,96.5545497684907
10.6071428571429,94.8467116715021,94.2444026030069,97.1619419816446,96.5531719022536
10.6130952380952,94.8455377595193,94.2430446140456,97.1607556048076,96.5518032134334
10.6190476190476,94.8443700761931,94.2416943996123,97.1595764754242,96.5504421057273
10.625,94.8432086215234,94.240351959707,97.1584051239721,96.5490885791354
10.6309523809524,94.8420533955103,94.2390172943298,97.1572398157187,96.5477426336576
10.6369047619048,94.8409043981537,94.2376904034806,97.1560805506641,96.5464042692939
10.6428571428571,94.8397616294536,94.2363747067326,97.1549273288082,96.5450734860443
10.6488095238095,94.8386270570459,94.2350664390764,97.1537801501511,96.5437526827489
10.6547619047619,94.8374988192188,94.23376550302,97.1526390146928,96.5424401082858
10.6607142857143,94.8363764256645,94.2324718985634,97.1515049055794,96.5411346718857
10.6666666666667,94.835259876383,94.2311856257065,97.1503777953481,96.5398363735485
10.672619047619,94.8341491713742,94.2299066844494,97.1492563699732,96.5385452132742
10.6785714285714,94.8330443106382,94.2286353660392,97.1481406294548,96.537261191063
10.6845238095238,94.831945294175,94.2273742558065,97.1470305737928,96.5359843069146
10.6904761904762,94.8308541060803,94.2261201089395,97.1459262029873,96.5347171461229
10.6964285714286,94.8297686426991,94.2248729254381,97.1448275170382,96.5334573801604
10.702380952381,94.8286887240584,94.2236327053023,97.1437356732313,96.5322043594647
10.7083333333333,94.827614350158,94.2223994485322,97.1426501767078,96.5309580840359
10.7142857142857,94.826545520998,94.2211731551276,97.1415700340461,96.5297185538739
10.7202380952381,94.8254822365784,94.2199541199393,97.1404952452459,96.5284857689788
10.7261904761905,94.8244244701309,94.2187432487167,97.1394258103075,96.5272597293505
10.7321428571429,94.8233716592472,94.2175393366668,97.1383617292308,96.526043128868
10.7380952380952,94.8223248309309,94.2163423837895,97.1373030020158,96.5248331798373
10.7440476190476,94.8212840637812,94.2151523900848,97.1362509347231,96.5236296290375
10.75,94.8202490626042,94.2139700722468,97.1352046329897,96.5224324764683
10.7559523809524,94.8192196186497,94.2127950347712,97.1341633929067,96.5212417221298
10.7619047619048,94.8181972700798,94.2116266133184,97.1331272144739,96.5200573660221
10.7678571428571,94.817180194316,94.2104648078882,97.1320960976914,96.518879477376
10.7738095238095,94.8161681562944,94.2093096184807,97.1310700425591,96.5177104621578
10.7797619047619,94.8151611560152,94.2081634671915,97.1300490490771,96.5165475609845
10.7857142857143,94.8141591934784,94.2070236730452,97.1290345724046,96.5153907738561
10.7916666666667,94.8131622686839,94.2058899479677,97.1280253429707,96.5142401007724
10.797619047619,94.8121709261025,94.204762291959,97.1270209067844,96.5130955417336
10.8035714285714,94.8111858216422,94.2036407050191,97.1260212638457,96.5119570967397
10.8095238095238,94.8102055150066,94.202525187148,97.1250264141547,96.5108251288067
10.8154761904762,94.8092300061959,94.2014161976848,97.1240363577112,96.5097013660909
10.8214285714286,94.80825929521,94.2003154584607,97.1230510945154,96.5085833800246
10.827380952381,94.8072933820489,94.1992205274965,97.1220721437715,96.507471170608
10.8333333333333,94.8063322667126,94.1981314047925,97.1210979753868,96.506364737841
10.8392857142857,94.8053767054302,94.1970480903485,97.1201283802939,96.5052640817237
10.8452380952381,94.8044268494836,94.1959705841645,97.119163358493,96.504169202256
10.8511904761905,94.8034815624342,94.1948988862405,97.118202909984,96.50308074281
10.8571428571429,94.8025408442822,94.1938337843141,97.117247034767,96.5019998365511
10.8630952380952,94.8016046950274,94.192776296297,97.1162957328419,96.5009244012595
10.8690476190476,94.80067311467,94.1917243271237,97.1153506202494,96.499854436935
10.875,94.7997461032098,94.1906778767942,97.1144098737844,96.4987899435776
10.8809523809524,94.7988233448121,94.1896369453085,97.1134734828325,96.4977309211874
10.8869047619048,94.7979051622513,94.1886015326666,97.1125414473938,96.4966773697643
10.8928571428571,94.7969919581442,94.1875716388685,97.1116137674682,96.4956301674716
10.8988095238095,94.7960836977538,94.1865483115435,97.1106904430557,96.4945898589974
10.9047619047619,94.7951800784923,94.1855319363553,97.1097716364637,96.4935547648777
10.9107142857143,94.7942806574345,94.1845208319672,97.1088585297117,96.4925248851125
10.9166666666667,94.7933858193403,94.1835149983791,97.1079495893873,96.4915002197018
10.922619047619,94.7924958121043,94.1825144355911,97.1070448154906,96.4904807686456
10.9285714285714,94.7916104835355,94.1815191436032,97.1061442080215,96.4894665319439
10.9345238095238,94.7907296475146,94.1805291224153,97.1052477669801,96.4884586381003
10.9404761904762,94.789854591593,94.1795456221145,97.1043554923662,96.4874570958846
10.9464285714286,94.7889836956542,94.1785684391944,97.1034677018367,96.486460499156
10.952380952381,94.7881169094758,94.1775963006746,97.1025851714503,96.4854688479143
10.9583333333333,94.7872542330577,94.1766292065549,97.1017066263494,96.4844821421597
10.9642857142857,94.7863956664,94.1756671568355,97.1008320665341,96.483500381892
10.9702380952381,94.7855412095026,94.1747101515161,97.0999614920043,96.4825235671114
10.9761904761905,94.7846904954124,94.173758190597,97.0990949027601,96.4815512945111
10.9821428571429,94.7838435296232,94.1728116731545,97.0982322988014,96.4805840791076
10.9880952380952,94.7830010159256,94.1718705670227,97.0973737355271,96.4796223442924
10.9940476190476,94.7821629543196,94.170934653549,97.0965193566663,96.4786660953804
11,94.7813293448052,94.1700039327335,97.0956690849628,96.4777151480238
11,94.7813293448052,94.1700039327335,97.0956690849628,96.4777151480238
11.0059523809524,94.7804470936105,94.1690042990936,97.0947688158302,96.4766972583902
11.0119047619048,94.7794643684499,94.1678720183507,97.0937721925042,96.4755459223451
11.0178571428571,94.7783898512478,94.1666204196297,97.0926864650743,96.4742847919137
11.0238095238095,94.7772354088004,94.165259124077,97.0915212235226,96.4729119079259
11.0297619047619,94.7760060519901,94.1638049826015,97.0902839232978,96.4714503903375
11.0357142857143,94.7747093323587,94.1622699162997,97.0889761320114,96.4699060167054
11.0416666666667,94.7733508269158,94.1606513153236,97.0876145930942,96.4682784889922
11.047619047619,94.7719454288624,94.1589703135424,97.0862034484829,96.4665918189042
11.0535714285714,94.7704931381983,94.1572326588903,97.0847407366718,96.4648465114266
11.0595238095238,94.7689974742035,94.155435273585,97.0832326620046,96.4630404260908
11.0654761904762,94.7674658042345,94.1535946746873,97.0816928888439,96.4611946393432
11.0714285714286,94.7658978730389,94.1517180518573,97.0801214171898,96.4593111129216
11.077380952381,94.7642977147093,94.1498054050951,97.0785168324188,96.4573877502081
11.0833333333333,94.7626738003414,94.1478550831465,97.0768823526814,96.4554316592062
11.0892857142857,94.7610228067474,94.1458852531262,97.0752309187451,96.4534550482427
11.0952380952381,94.7593538339838,94.1438961770433,97.07356253061,96.4514579173175
11.1011904761905,94.7576731511561,94.141887854898,97.0718771882759,96.4494396505463
11.1071428571429,94.7559807582642,94.1398580998771,97.0701726028218,96.4474008803917
11.1130952380952,94.7542766553082,94.1378205649448,97.0684566513165,96.445355055982
11.1190476190476,94.7525593082081,94.1357768154162,97.0667351486163,96.4433021773173
11.125,94.7508339366333,94.1337268512915,97.0650080947209,96.4412422443977
11.1309523809524,94.7491067592918,94.1316706725705,97.0632754896306,96.4391748368617
11.1369047619048,94.7473777761839,94.1296094857996,97.0615373333451,96.4371015355777
11.1428571428571,94.7456469873093,94.1275492861883,97.0597948320136,96.4350306294091
11.1488095238095,94.7439143926682,94.1254903799445,97.0580528964469,96.4329621183561
11.1547619047619,94.7421798496175,94.1234327670683,97.0563117443419,96.4308960024187
11.1607142857143,94.7404474294552,94.1213765797543,97.0545713756987,96.4288322815968
11.1666666666667,94.7387184963779,94.1193256963906,97.0528317196426,96.4267709532218
11.172619047619,94.7369930503854,94.1172815599948,97.0510954555633,96.424715672717
11.1785714285714,94.7352710882983,94.1152441705669,97.0493645680087,96.4226686266537
11.1845238095238,94.7335544326106,94.1132135281068,97.0476390569785,96.4206298150317
11.1904761904762,94.7318444739059,94.1111925596842,97.0459189224729,96.4185992378511
11.1964285714286,94.7301412121841,94.1091815903318,97.044203485358,96.416576895112
11.202380952381,94.7284446474453,94.1071804978133,97.0424951633474,96.4145627868142
11.2083333333333,94.7267565077412,94.1051892821285,97.0407949858835,96.4125585863362
11.2142857142857,94.7250773575259,94.1032079432775,97.0391029529661,96.4105667896961
11.2202380952381,94.7234068859014,94.1012364812603,97.0374195958026,96.4085859793731
11.2261904761905,94.7217450928678,94.0992758051335,97.0357455224514,96.4066161553669
11.2321428571429,94.720091978425,94.097329627176,97.0340805951272,96.4046573176777
11.2380952380952,94.718447542573,94.0953950119725,97.0324248138301,96.4027094663054
11.2440476190476,94.716811906379,94.093471959523,97.0307800183241,96.40077260125
11.25,94.7151886705381,94.0915604698275,97.0291459055138,96.398846134444
11.2559523809524,94.7135751772044,94.0896605428861,97.0275215578217,96.396932007169
11.2619047619048,94.711971426378,94.0877721786986,97.0259069752478,96.3950313782164
11.2678571428571,94.7103774180588,94.0858972066478,97.0243021577921,96.3931440560134
11.2738095238095,94.7087931522469,94.0840379067641,97.0227071054546,96.3912704942979
11.2797619047619,94.7072186289421,94.0821905681952,97.0211218182353,96.3894133600351
11.2857142857143,94.7056535528222,94.0803551909412,97.0195497788272,96.3875683580708
11.2916666666667,94.7040974983653,94.078531775002,97.0179879835056,96.3857354884049
11.297619047619,94.7025526604619,94.0767203203776,97.0164362556756,96.3839147510373
11.3035714285714,94.7010190391121,94.074920827068,97.0148945953372,96.3821061459681
11.3095238095238,94.6994970365335,94.0731358519948,97.0133630024906,96.3803096731973
11.3154761904762,94.6979861568996,94.0713660381858,97.0118414771355,96.378528686659
11.3214285714286,94.6964856639184,94.0696079667773,97.0103302880562,96.3767617583189
11.327380952381,94.6949955575899,94.0678616377695,97.0088326051324,96.3750066106104
11.3333333333333,94.693514555867,94.0661270511621,97.007344749057,96.3732632435336
11.3392857142857,94.6920439110866,94.0644042069554,97.0058667198302,96.3715316570883
11.3452380952381,94.690584171448,94.0626931051492,97.0043985174518,96.3698118512747
11.3511904761905,94.6891354181204,94.0609927686641,97.0029401419219,96.3681038260926
11.3571428571429,94.6876979674652,94.0593044447594,97.0014915932406,96.3664115613275
11.3630952380952,94.6862704544351,94.0576292763616,97.0000535506719,96.3647320325165
11.3690476190476,94.6848528790301,94.0559672634707,96.9986281271438,96.3630637354883
11.375,94.6834467630093,94.0543161555898,96.997212042647,96.3614066702429
11.3809523809524,94.6820519420896,94.0526775903099,96.9958052971816,96.3597608367804
11.3869047619048,94.6806661790995,94.0510517001024,96.9944078907476,96.3581262351007
11.3928571428571,94.6792894740389,94.0494387744232,96.9930198233449,96.3565028652038
11.3988095238095,94.6779218269078,94.0478382771386,96.9916410949736,96.3548892876579
11.4047619047619,94.6765632377062,94.0462492179614,96.9902713806883,96.3532876753506
11.4107142857143,94.6752137064342,94.0446724544891,96.9889106490578,96.3516983771878
11.4166666666667,94.6738725171816,94.0431103385249,96.9875599922853,96.3501217485879
11.422619047619,94.6725407950103,94.0415584373686,96.986219051577,96.348557232055
11.4285714285714,94.6712182813826,94.0400167510201,96.9848887341469,96.3470037376785
11.4345238095238,94.6699052033473,94.0384852794797,96.9835689429918,96.3454612654586
11.4404761904762,94.6686019094262,94.0369640227471,96.9822575807517,96.3439333081762
11.4464285714286,94.6673076112807,94.0354529808225,96.9809546474266,96.3424159054246
11.452380952381,94.6660222378776,94.0339547451922,96.9796601430164,96.3409083518322
11.4583333333333,94.6647482818847,94.0324684503578,96.9783740675213,96.3394106473991
11.4642857142857,94.6634822960102,94.0309917375382,96.9770964209412,96.3379227921252
11.4702380952381,94.6622242802541,94.0295246067335,96.9758298011238,96.3364447860104
11.4761904761905,94.6609742346165,94.0280670579437,96.9745714987094,96.3349774939266
11.4821428571429,94.6597321590973,94.0266190911688,96.9733209934935,96.3335233778014
11.4880952380952,94.6584980536965,94.0251807064088,96.9720782854761,96.3320784543735
11.4940476190476,94.6572732048638,94.0237549130398,96.9708433746571,96.3306427236427
11.5,94.656057725721,94.0223397470098,96.9696162610366,96.3292161856092
11.5059523809524,94.6548496579573,94.0209335931938,96.9683969446146,96.327798840273
11.5119047619048,94.6536490015728,94.0195364515918,96.9671882385365,96.3263906876339
11.5178571428571,94.6524557565674,94.018148322204,96.9659868401512,96.3249930804981
11.5238095238095,94.6512699229411,94.0167692050301,96.9647926849994,96.3236072379763
11.5297619047619,94.650091500694,94.0153991000702,96.9636057730812,96.3222300035687
11.5357142857143,94.6489220916153,94.0140413058033,96.9624261043966,96.3208613772752
11.5416666666667,94.6477610324928,94.0126929946443,96.9612536789454,96.3195013590959
11.547619047619,94.6466068825716,94.0113531568993,96.9600887506057,96.3181499490308
11.5535714285714,94.6454596418517,94.0100217925683,96.9589333724114,96.3168071470799
11.5595238095238,94.6443193103332,94.0086989016512,96.9577847470284,96.3154746328429
11.5654761904762,94.643185888016,94.0073844841482,96.9566428744566,96.3141526326215
11.5714285714286,94.6420593749001,94.0060785400591,96.955507754696,96.3128387175562
11.577380952381,94.6409414776197,94.0047846068865,96.9543793877465,96.311532887647
11.5833333333333,94.6398310481447,94.0034991369078,96.9532577736083,96.310235142894
11.5892857142857,94.6387271160631,94.0022216341639,96.9521434308237,96.308945483297
11.5952380952381,94.637629681375,94.0009520986548,96.9510376798671,96.3076639088562
11.6011904761905,94.6365387440804,93.9996905303806,96.9499382248851,96.3063923750566
11.6071428571429,94.6354543041793,93.9984369293413,96.9488450658776,96.3051302664145
11.6130952380952,94.6343763616716,93.9971912955367,96.9477582028446,96.3038757625237
11.6190476190476,94.6333067704578,93.995957222126,96.9466776357862,96.3026288633842
11.625,94.6322438909943,93.9947307240929,96.9456033647022,96.3013895689959
11.6309523809524,94.6311871065029,93.9935117726097,96.9445361072044,96.300157879359
11.6369047619048,94.6301364169835,93.9923003676762,96.943476515458,96.2989337944734
11.6428571428571,94.6290918224361,93.9910965092925,96.9424228384225,96.2977194428569
11.6488095238095,94.6280533228608,93.9899001974586,96.9413750760978,96.296513544621
11.6547619047619,94.6270209182574,93.9887118030109,96.940333228484,96.2953148281412
11.6607142857143,94.6259965565025,93.9875339657021,96.939297295581,96.2941232934174
11.6666666666667,94.624978245866,93.9863632511751,96.9382672773889,96.2929389404498
11.672619047619,94.6239656767138,93.9851996594298,96.937244090965,96.2917617692382
11.6785714285714,94.6229588490458,93.9840431904663,96.9362278507676,96.2905917797827
11.6845238095238,94.621957762862,93.9828938442846,96.9352171583082,96.2894312727657
11.6904761904762,94.6209624181624,93.9817516208846,96.9342120135869,96.288278361908
11.6964285714286,94.6199728149471,93.9806172487782,96.9332124166036,96.287132236343
11.702380952381,94.6189910410037,93.979492519631,96.9322183673583,96.2859928960709
11.7083333333333,94.6180147226535,93.9783745104892,96.9312298658511,96.2848603410917
11.7142857142857,94.6170438174857,93.9772632213528,96.9302480049631,96.2837345714052
11.7202380952381,94.6160783255004,93.9761586522219,96.9292724411651,96.2826155870117
11.7261904761905,94.6151182466975,93.9750608030965,96.9283021035844,96.2815059050266
11.7321428571429,94.614163581077,93.9739696739765,96.9273369922211,96.2804030643456
11.7380952380952,94.6132144386116,93.9728862847882,96.9263771070753,96.2793066284534
11.7440476190476,94.6122717621482,93.9718115977854,96.9254224481469,96.2782165973501
11.75,94.6113344075131,93.9707432974731,96.9244730154359,96.2771329710356
11.7559523809524,94.6104023747062,93.9696813838512,96.923529965072,96.2760557495099
11.7619047619048,94.6094756637274,93.9686258569198,96.9225926051673,96.274984932773
11.7678571428571,94.6085543143564,93.9675767166788,96.9216602184142,96.2739199283289
11.7738095238095,94.6076392404356,93.9665339631283,96.9207328048126,96.2728619447606
11.7797619047619,94.6067292612402,93.96549891632,96.9198103643627,96.2718111099555
11.7857142857143,94.6058243767702,93.964471783584,96.9188928970644,96.2707669710338
11.7916666666667,94.6049245870255,93.9634507045376,96.9179804029177,96.2697300214217
11.797619047619,94.6040298920063,93.9624356791811,96.9170724075517,96.2687009567361
11.8035714285714,94.6031412284956,93.9614267075142,96.9161695289461,96.2676777675265
11.8095238095238,94.6022574391273,93.960423789537,96.9152720232957,96.2666604537927
11.8154761904762,94.6013785033778,93.9594269252495,96.9143797415149,96.2656490155349
11.8214285714286,94.600504421247,93.9584376978264,96.9134924376154,96.264643452753
11.827380952381,94.599635192735,93.9574556587022,96.9126113474506,96.263643765447
11.8333333333333,94.5987715345568,93.9564793692837,96.9117351090815,96.262650744765
11.8392857142857,94.5979128500682,93.9555088295709,96.9108634053833,96.2616639493521
11.8452380952381,94.5970588659555,93.9545440395638,96.9099962363559,96.2606830167418
11.8511904761905,94.5962095822187,93.9535849992624,96.9091336019993,96.2597079469342
11.8571428571429,94.5953649988579,93.9526317086668,96.9082755023135,96.2587390494656
11.8630952380952,94.5945257973045,93.9516859541578,96.9074223130192,96.2577765441102
11.8690476190476,94.5936913711694,93.9507467092961,96.9065747986719,96.2568196684154
11.875,94.5928614702301,93.949812941892,96.9057316099149,96.2558684223814
11.8809523809524,94.5920360944868,93.9488846519457,96.9048927467481,96.2549228060079
11.8869047619048,94.5912152439394,93.947961839457,96.9040582091716,96.2539848292335
11.8928571428571,94.5903995616264,93.9470445044259,96.9032279971854,96.2530521872678
11.8988095238095,94.5895884502355,93.9461326468525,96.9024021107896,96.2521247315329
11.9047619047619,94.5887816843137,93.9452282036932,96.9015802457277,96.2512024620289
11.9107142857143,94.5879792638608,93.944329659528,96.9007623912985,96.2502853787558
11.9166666666667,94.5871811888768,93.9434363427898,96.8999492060735,96.2493734817135
11.922619047619,94.5863883932635,93.9425482534787,96.8991406900525,96.2484672889317
11.9285714285714,94.5856002977733,93.9416653915946,96.8983370027113,96.2475679672654
11.9345238095238,94.5848162931248,93.9407877571376,96.8975379468061,96.2466736014607
11.9404761904762,94.5840363793181,93.9399153501078,96.8967431128536,96.2457841915174
11.9464285714286,94.5832605563532,93.9390502630512,96.8959525008539,96.2448997374357
11.952380952381,94.58248882423,93.9381905185971,96.8951666422765,96.2440202392155
11.9583333333333,94.5817211829486,93.937335759898,96.8943856363948,96.2431456968569
11.9642857142857,94.5809589084807,93.9364859869539,96.8936085496421,96.2422758122974
11.9702380952381,94.5802007974608,93.9356411997648,96.8928353820184,96.2414106690102
11.9761904761905,94.5794466207009,93.9348013983308,96.8920661335238,96.2405510151768
11.9821428571429,94.5786963782011,93.9339665826518,96.8913008041583,96.2396968507974
11.9880952380952,94.5779500699614,93.9331372544569,96.8905393939218,96.2388482950516
11.9940476190476,94.5772076959817,93.9323131254271,96.8897819963546,96.2380048602671
12,94.5764692562621,93.9314941832402,96.8890286824712,96.2371664478201
12,94.5764692562621,93.9314941832402,96.8890286824712,96.2371664478201
12.0059523809524,94.5756795241225,93.9306062066458,96.8882253752295,96.2362608515829
12.0119047619048,94.5747895831148,93.9295869743191,96.8873254293646,96.2352214792048
12.0178571428571,94.5738099903854,93.9284440825802,96.8863365029706,96.234072040205
12.0238095238095,94.5727463165753,93.927199429245,96.8852654120822,96.2328159722938
12.0297619047619,94.5716151605324,93.9258562738554,96.8841222434951,96.231463755947
12.0357142857143,94.5704152245182,93.9244265375852,96.88291896009,96.2300267681718
12.0416666666667,94.5691515734314,93.9229267007524,96.8816557261086,96.2285098452531
12.047619047619,94.567840506351,93.9213583853653,96.8803385746269,96.2269338911644
12.0535714285714,94.5664820232771,93.9197326974264,96.8789729016299,96.2252989059056
12.0595238095238,94.5650733639997,93.9180508275485,96.8775661119669,96.2236077154398
12.0654761904762,94.5636313868393,93.916319391282,96.8761199712215,96.2218708017254
12.0714285714286,94.5621592475379,93.9145493760644,96.8746344596493,96.2200928169522
12.077380952381,94.5606569460953,93.9127374172495,96.8731236985666,96.218280941784
12.0833333333333,94.559121297438,93.9109012543245,96.8715917344292,96.2164439003962
12.0892857142857,94.5575678529238,93.9090426368852,96.8700385672369,96.2145826532445
12.0952380952381,94.5559988360149,93.9071615649317,96.8684641969897,96.2126972003289
12.1011904761905,94.5544142467111,93.9052605798731,96.8668663549089,96.2107875394778
12.1071428571429,94.5528140850125,93.9033480467019,96.8652590048859,96.2088604421326
12.1130952380952,94.551202038401,93.901424602933,96.8636430305376,96.2069231185199
12.1190476190476,94.5495837734768,93.8994902485666,96.8620184318642,96.2049755686398
12.125,94.5479593297363,93.8975449836024,96.8603852088655,96.2030162099828
12.1309523809524,94.5463287071794,93.8955883039904,96.858744043361,96.2010504597731
12.1369047619048,94.5446919058061,93.8936338523631,96.857100542005,96.1990862950308
12.1428571428571,94.5430480734447,93.8916817207611,96.8554556218659,96.1971237157558
12.1488095238095,94.5414029022497,93.8897319091843,96.8538092829436,96.1951627219481
12.1547619047619,94.5397609807155,93.8877844176328,96.8521615252382,96.1932033136078
12.1607142857143,94.5381223088422,93.8858392461064,96.8505126998121,96.1912454907348
12.1666666666667,94.5364868866298,93.8838960266679,96.848867505565,96.1892906608953
12.172619047619,94.5348547140782,93.8819571699201,96.8472267479594,96.187343483524
12.1785714285714,94.5332257911874,93.8800257439906,96.8455904269955,96.1854042513394
12.1845238095238,94.5315997386874,93.8781017488795,96.8439585426732,96.1834729643414
12.1904761904762,94.5299800699132,93.8761862084794,96.8423322138804,96.18154962253
12.1964285714286,94.5283676147073,93.8742802497655,96.8407136088947,96.1796342259053
12.202380952381,94.5267623730699,93.8723838526829,96.8391027361412,96.1777267744672
12.2083333333333,94.5251634907843,93.8704986629472,96.8374995956199,96.1758265843809
12.2142857142857,94.5235725584611,93.8686259515456,96.8359041873307,96.1739378590125
12.2202380952381,94.5219908146914,93.8667641536018,96.8343165112738,96.1720607949136
12.2261904761905,94.520418259475,93.8649132691158,96.832736567449,96.1701953920841
12.2321428571429,94.5188551701717,93.8630732980876,96.8311669716841,96.1683397741617
12.2380952380952,94.5173020573922,93.8612442405172,96.8296069694145,96.1664968338507
12.2440476190476,94.5157586137427,93.8594260964046,96.8280564181765,96.1646667456071
12.25,94.5142248392232,93.8576232156063,96.8265153179702,96.1628495094306
12.2559523809524,94.5127018684719,93.8558331408005,96.8249836687957,96.1610435843429
12.2619047619048,94.5111892878074,93.8540549250189,96.8234614706528,96.1592509018076
12.2678571428571,94.5096868177682,93.8522885682615,96.8219507748848,96.1574717977418
12.2738095238095,94.5081944583543,93.8505340705283,96.8204514817088,96.1557057859374
12.2797619047619,94.5067128249075,93.8487914318192,96.8189621434828,96.1539543531483
12.2857142857143,94.5052421872337,93.8470606521344,96.8174827602069,96.1522183000811
12.2916666666667,94.5037818127402,93.8453471897554,96.8160133318808,96.150494302224
12.297619047619,94.502331701427,93.8436459885728,96.8145538585048,96.1487823595769
12.3035714285714,94.5008922657962,93.8419566555453,96.8131043400787,96.1470824721399
12.3095238095238,94.4994661717143,93.840279190673,96.8116675295542,96.1453946399129
12.3154761904762,94.4980498692438,93.8386135939558,96.8102417247725,96.143718862896
12.3214285714286,94.4966433583847,93.8369598653939,96.8088258270367,96.1420593964285
12.327380952381,94.495246639137,93.8353182677035,96.807419836347,96.1404128544378
12.3333333333333,94.4938597115006,93.8336939018853,96.8060237527032,96.1387779920998
12.3392857142857,94.4924825754755,93.8320810435068,96.8046375761055,96.1371548094144
12.3452380952381,94.4911145724579,93.8304796925681,96.8032613065537,96.1355433063817
12.3511904761905,94.4897559941992,93.8288898490691,96.8018980627777,96.1339434830017
12.3571428571429,94.4884081732438,93.8273115130099,96.8005449923176,96.1323553392743
12.3630952380952,94.4870711095917,93.8257446843904,96.7992014193592,96.130783715368
12.3690476190476,94.4857452789593,93.8241902570406,96.7978673439026,96.1292237132429
12.375,94.4844294388769,93.8226518441136,96.7965427659476,96.1276748137558
12.3809523809524,94.4831233506773,93.8211243087741,96.7952276854942,96.1261370169066
12.3869047619048,94.4818267006873,93.8196076510222,96.7939221025426,96.1246103226954
12.3928571428571,94.4805386019959,93.8181018708579,96.792624582799,96.1230947311222
12.3988095238095,94.4792606227798,93.816606968281,96.7913371470764,96.121590207159
12.4047619047619,94.4779927630389,93.8151229432918,96.7900599090044,96.1200953273924
12.4107142857143,94.4767354219327,93.8136512071639,96.7887922282577,96.1186126768055
12.4166666666667,94.4754875552735,93.8121938652472,96.7875337068684,96.1171422553981
12.422619047619,94.4742488133134,93.8107467772599,96.7862851146986,96.1156845365171
12.4285714285714,94.4730188987398,93.809309943202,96.785046098553,96.1142383524773
12.4345238095238,94.471796868342,93.8078833630734,96.7838171278517,96.1128031027836
12.4404761904762,94.4705842401665,93.8064670368742,96.7825990648464,96.1113784882356
12.4464285714286,94.4693810142134,93.8050609646044,96.7813892840834,96.1099634408691
12.452380952381,94.4681875568894,93.8036644880523,96.7801877855627,96.1085597422086
12.4583333333333,94.4670029082594,93.8022778996671,96.7789945692844,96.1071673922541
12.4642857142857,94.4658267393544,93.8009026290349,96.7778096352483,96.1057846702329
12.4702380952381,94.4646595775207,93.7995386761557,96.7766329834546,96.1044125318977
12.4761904761905,94.4635029643541,93.7981840362654,96.7754667581052,96.1030513119989
12.4821428571429,94.4623539989124,93.7968401895756,96.7743092351595,96.1017012467912
12.4880952380952,94.4612126811956,93.7955072485634,96.7731593717237,96.100361603191
12.4940476190476,94.4600790112037,93.7941844985367,96.7720171677976,96.0990318744026
12.5,94.4589529889368,93.7928716689274,96.7708826233815,96.0977145076647
12.5059523809524,94.4578346143948,93.79156943794,96.7697557384752,96.0964074471607
12.5119047619048,94.4567254240237,93.7902772547561,96.7686365130787,96.0951092135384
12.5178571428571,94.4556249733976,93.7889972919041,96.7675272946081,96.0938198067976
12.5238095238095,94.4545316593399,93.7877275730297,96.7664257390212,96.0925392269385
12.5297619047619,94.4534454818506,93.7864665315895,96.7653313075699,96.091267473961
12.5357142857143,94.4523664409296,93.7852141675833,96.7642440002543,96.0900047229815
12.5416666666667,94.451294536577,93.7839704810111,96.7631638170742,96.0887544829048
12.547619047619,94.4502297687928,93.782735471873,96.7620907580297,96.0875125065656
12.5535714285714,94.4491738832575,93.7815095036808,96.7610248231209,96.0862787939639
12.5595238095238,94.4481257738738,93.780295764121,96.7599684630663,96.0850533450995
12.5654761904762,94.4470843544204,93.7790901572325,96.7589189146036,96.0838361599725
12.5714285714286,94.4460496248974,93.7778926830153,96.7578759934269,96.082627238583
12.577380952381,94.4450215853046,93.7767033414695,96.7568396995361,96.0814263027895
12.5833333333333,94.4440002356421,93.7755221325949,96.7558100329313,96.0802327918203
12.5892857142857,94.4429855759099,93.7743490563917,96.7547869936124,96.0790483740712
12.5952380952381,94.4419795383238,93.7731838921825,96.753770702526,96.0778730495421
12.6011904761905,94.440980475583,93.7720265844977,96.7527633530917,96.0767071696196
12.6071428571429,94.4399876773424,93.7708783212168,96.7517621867563,96.0755495342623
12.6130952380952,94.4390011436018,93.7697387778231,96.7507672035198,96.0744001126947
12.6190476190476,94.4380208743613,93.7686094948724,96.7497784033823,96.0732578080112
12.625,94.4370468696209,93.7674893534057,96.7487957863436,96.0721236371593
12.6309523809524,94.4360791293806,93.7663766882382,96.7478193524039,96.0709980063163
12.6369047619048,94.4351188733415,93.7652714993699,96.7468494837023,96.0698811733827
12.6428571428571,94.4341649467991,93.7641737868009,96.7458876505027,96.0687724017428
12.6488095238095,94.4332171323276,93.7630835505311,96.7449316126861,96.0676713961423
12.6547619047619,94.432275429927,93.7620008095904,96.7439813702523,96.0665796437669
12.6607142857143,94.4313398395973,93.7609289829419,96.7430369232015,96.0654964939029
12.6666666666667,94.430409583164,93.7598641837362,96.7420982715335,96.0644203150888
12.672619047619,94.4294854801384,93.7588064119731,96.7411654152485,96.0633511073247
12.6785714285714,94.4285677845814,93.7577556676527,96.7402389370408,96.0622888706106
12.6845238095238,94.4276566721038,93.7567119507751,96.7393196597661,96.0612336049464
12.6904761904762,94.4267515520804,93.7556752613401,96.7384058487165,96.0601853103322
12.6964285714286,94.4258523290374,93.7546460623498,96.7374975038922,96.0591467122472
12.702380952381,94.4249599907469,93.7536265876039,96.7365946252931,96.0581150836819
12.7083333333333,94.4240733909057,93.7526138036065,96.7356972129192,96.0570900158745
12.7142857142857,94.4231922746155,93.7516077103577,96.7348052667706,96.0560715088249
12.7202380952381,94.4223166418762,93.7506083078574,96.7339184997899,96.0550595625333
12.7261904761905,94.4214464926879,93.7496155961057,96.7330370011115,96.0540541769994
12.7321428571429,94.4205825707057,93.7486295751026,96.7321613772511,96.0530553600595
12.7380952380952,94.4197251470106,93.7476510750749,96.731291697381,96.0520658974818
12.7440476190476,94.4188728338252,93.7466815629333,96.7304275166045,96.0510827007878
12.75,94.4180256311496,93.7457183543465,96.7295693568323,96.0501057699776
12.7559523809524,94.4171835389837,93.7447614493142,96.728717499144,96.0491351050511
12.7619047619048,94.4163465573275,93.7438108478367,96.7278706050173,96.0481707060082
12.7678571428571,94.4155146861811,93.7428665499139,96.7270286744522,96.0472125728491
12.7738095238095,94.4146890586762,93.7419285555457,96.7261917074487,96.0462606051719
12.7797619047619,94.413869170363,93.7409973528853,96.7253597040069,96.0453144566557
12.7857142857143,94.413054140141,93.740073394348,96.7245326641266,96.0443751905334
12.7916666666667,94.4122439680101,93.7391558188898,96.72371132267,96.0434429014852
12.797619047619,94.4114386539704,93.7382446265109,96.7228951329447,96.0425170861078
12.8035714285714,94.4106381980219,93.7373398172111,96.7220838118312,96.0415973162982
12.8095238095238,94.4098426001645,93.7364406050592,96.7212773593295,96.0406836010394
12.8154761904762,94.4090525809194,93.7355479639299,96.7204757754398,96.0397765204516
12.8214285714286,94.4082677055236,93.7346621261404,96.7196796477126,96.0388760201426
12.827380952381,94.4074876450822,93.7337829605435,96.718888463927,96.0379816642977
12.8333333333333,94.4067123995953,93.7329099953263,96.718101926629,96.0370952808162
12.8392857142857,94.405941969063,93.7320427642962,96.7173200358187,96.0362148870684
12.8452380952381,94.405176932497,93.7311816290348,96.7165427914959,96.0353399983575
12.8511904761905,94.404416821054,93.7303270107794,96.7157712324452,96.0344706146837
12.8571428571429,94.4036613185133,93.7294787144167,96.7150046165548,96.0336067360468
12.8630952380952,94.4029104248747,93.7286364210143,96.7142423298974,96.032748362447
12.8690476190476,94.4021641401382,93.7278021436447,96.7134843724731,96.0318953240365
12.875,94.4014234907928,93.7269733357904,96.7127307442819,96.0310475784177
12.8809523809524,94.4006877479305,93.7261499325654,96.7119814453237,96.0302059160086
12.8869047619048,94.3999563149279,93.7253319339697,96.7112364755987,96.0293703748965
12.8928571428571,94.3992291917849,93.7245193400033,96.7104972284037,96.0285405135313
12.8988095238095,94.3985063785015,93.7237121506662,96.7097623083766,96.0277178338045
12.9047619047619,94.3977878750778,93.7229113197196,96.7090315310626,96.0269007803867
12.9107142857143,94.3970736815137,93.72211719563,96.7083048964619,96.0260888486011
12.9166666666667,94.3963652098175,93.7213282180885,96.7075824045743,96.0252820384476
12.922619047619,94.395661045058,93.720544387095,96.7068640553999,96.0244803499263
12.9285714285714,94.3949610031235,93.7197657026496,96.7061498623518,96.0236837830371
12.9345238095238,94.3942650840138,93.7189921647523,96.705441305976,96.0228921985722
12.9404761904762,94.3935732877291,93.7182237734031,96.7047367123,96.0221054828578
12.9464285714286,94.3928856142692,93.7174617960132,96.7040360813238,96.0213243957652
12.952380952381,94.3922020742718,93.7167059473506,96.7033394130473,96.0205489279613
12.9583333333333,94.3915242200613,93.7159550000742,96.7026467074706,96.0197787264897
12.9642857142857,94.3908503065089,93.7152089541839,96.7019579645937,96.0190129604025
12.9702380952381,94.3901803336144,93.7144678096797,96.7012732767862,96.0182525355261
12.9761904761905,94.389514301378,93.7137315665617,96.7005932310853,96.0174975549859
12.9821428571429,94.3888522097997,93.7130002248298,96.6999171151201,96.0167481076608
12.9880952380952,94.3881940588793,93.7122740370532,96.6992449288906,96.0160041423404
12.9940476190476,94.3875398543731,93.711553096148,96.6985766723969,96.015265126206
13,94.3868897571598,93.7108372992182,96.697912345639,96.0145310592577
13,94.3868897571598,93.7108372992182,96.697912345639,96.0145310592577
13.0059523809524,94.3861886478097,93.7100526011658,96.6971980374933,96.0137296070351
13.0119047619048,94.3853838605364,93.7091340143703,96.6963840944779,96.0127940694437
13.0178571428571,94.3844958710683,93.7080957977155,96.6954822549056,96.0117482067482
13.0238095238095,94.3835225554567,93.7069498620051,96.6945052679861,96.0105900749751
13.0297619047619,94.3824745261566,93.7057064883475,96.6934548533917,96.0093429105419
13.0357142857143,94.3813651715455,93.7043766694422,96.692339620191,96.0080124594667
13.0416666666667,94.3801927685934,93.7029770888668,96.6911618981749,96.0066054271561
13.047619047619,94.3789629948552,93.7015053559425,96.6899298875609,96.005127889055
13.0535714285714,94.3776915960975,93.6999724946452,96.6886466764261,96.0035874144974
13.0595238095238,94.3763785723205,93.6983926421476,96.6873277187092,96.0020019194777
13.0654761904762,94.3750205764537,93.6967657984499,96.6859730144101,96.0003714039958
13.0714285714286,94.3736304761264,93.6951000361396,96.6845814399997,95.9986928888145
13.077380952381,94.3722157777757,93.6933974151481,96.6831552011435,95.9969815965351
13.0833333333333,94.3707764814017,93.6916622392593,96.6817088556367,95.9952440540254
13.0892857142857,94.369311764487,93.6899003731474,96.6802424034794,95.9934802612854
13.0952380952381,94.3678225037228,93.6881124539641,96.6787558446716,95.9916925734586
13.1011904761905,94.3663220074419,93.6863123050901,96.6772464099615,95.9898899412427
13.1071428571429,94.3648102756444,93.6844999265254,96.6757246679809,95.9880732343418
13.1130952380952,94.3632873083301,93.6826753182699,96.6741950500854,95.986242452756
13.1190476190476,94.3617525389812,93.6808369103893,96.6726575562748,95.9843975964851
13.125,94.3602067939096,93.6789911403116,96.6711121865492,95.9825379953641
13.1309523809524,94.3586594921861,93.6771442080889,96.669558090727,95.9806780961946
13.1369047619048,94.3571106338105,93.6752961137214,96.6679977741821,95.9788183941
13.1428571428571,94.355560218783,93.6734468572089,96.6664382826066,95.9769588890802
13.1488095238095,94.3540082471034,93.6715963716954,96.6648796160005,95.9750995811353
13.1547619047619,94.3524544843035,93.6697459617823,96.6633217743638,95.9732404702652
13.1607142857143,94.3509013891354,93.6679004986227,96.6617647576965,95.9713825503489
13.1666666666667,94.3493519780461,93.6660599822169,96.6602085659985,95.969531353857
13.172619047619,94.3478062510355,93.6642244125646,96.6586542214655,95.9676872303917
13.1785714285714,94.3462642081037,93.6623948042242,96.6571058381567,95.965850179953
13.1845238095238,94.3447267374642,93.660573626536,96.6555635553635,95.9640202025408
13.1904761904762,94.3431959466459,93.6587609879115,96.6540273730857,95.9621972981553
13.1964285714286,94.3416719201127,93.6569568883507,96.6524972913233,95.9603820213266
13.202380952381,94.3401546578648,93.6551624927049,96.6509733100763,95.9585781586484
13.2083333333333,94.3386450035557,93.6533797929781,96.6494555304079,95.9567847665827
13.2142857142857,94.3371446507299,93.6516077056771,96.6479468929263,95.9550018451293
13.2202380952381,94.3356529720251,93.6498462308019,96.6464470197225,95.9532293942883
13.2261904761905,94.3341699674412,93.6480953683525,96.6449559107965,95.9514674140597
13.2321428571429,94.3326956369782,93.6463551183289,96.6434735661482,95.9497159044435
13.2380952380952,94.3312299806362,93.6446254807311,96.6419999857778,95.9479764067985
13.2440476190476,94.329772998415,93.6429116616131,96.6405351696852,95.9462515870468
13.25,94.3283258800843,93.6412096648862,96.6390796240953,95.9445385942568
13.2559523809524,94.3268890576731,93.6395193160779,96.6376359852663,95.9428374284285
13.2619047619048,94.3254622076587,93.6378406151883,96.6362022031364,95.9411480895619
13.2678571428571,94.324045330041,93.6361735622172,96.6347782777057,95.939470577657
13.2738095238095,94.3226388601851,93.6345181571648,96.6333642089742,95.9378048927138
13.2797619047619,94.3212434750321,93.6328749942636,96.6319599969419,95.9361504823843
13.2857142857143,94.3198582819457,93.6312487014364,96.6305656416087,95.9345085198726
13.2916666666667,94.3184832809256,93.6296342562531,96.6291821824448,95.9328804028754
13.297619047619,94.317118471972,93.6280316587138,96.6278113681708,95.9312658035313
13.3035714285714,94.3157624087264,93.6264409088184,96.6264505056321,95.9296652357019
13.3095238095238,94.3144172295418,93.6248620065668,96.6250995948286,95.9280808885748
13.3154761904762,94.3130830833588,93.6232949519593,96.6237586357604,95.926508465989
13.3214285714286,94.3117594560562,93.6217392952343,96.6224276284275,95.9249479679443
13.327380952381,94.3104453440883,93.6201948026066,96.6211065728298,95.9233993944409
13.3333333333333,94.3091421450191,93.6186637423785,96.6197969485148,95.9218627454787
13.3392857142857,94.3078498588485,93.6171461145498,96.6184994407314,95.9203380210577
13.3452380952381,94.3065687917494,93.6156425582185,96.617211579593,95.9188287104768
13.3511904761905,94.3052981396097,93.614151910382,96.6159333650997,95.9173327721958
13.3571428571429,94.3040375240274,93.6126733047549,96.6146647972515,95.9158481373451
13.3630952380952,94.3027884552809,93.6112067413372,96.6134058760483,95.9143748059247
13.3690476190476,94.3015507540592,93.6097563924513,96.6121566014901,95.9129127779346
13.375,94.3003222018546,93.6083176359791,96.6109188048948,95.9114620533747
13.3809523809524,94.299102798667,93.6068897339094,96.6096921577505,95.9100226322451
13.3869047619048,94.2978925444963,93.6054726862425,96.6084746233016,95.9085985434958
13.3928571428571,94.2966914393427,93.6040664929782,96.6072662015483,95.9071863855006
13.3988095238095,94.2954994832061,93.6026711541165,96.6060668924904,95.9057848930952
13.4047619047619,94.2943194675443,93.601287702575,96.604876696128,95.9043940662795
13.4107142857143,94.2931488208881,93.5999190232355,96.6036956124611,95.9030139050534
13.4166666666667,94.2919867785476,93.5985605748114,96.6025257612481,95.901644409417
13.422619047619,94.2908333405228,93.5972123573027,96.6013659431423,95.9002855793703
13.4285714285714,94.2896885068137,93.5958743707094,96.6002146249276,95.8989359674258
13.4345238095238,94.2885522774203,93.5945466150315,96.599071806604,95.8975977782773
13.4404761904762,94.2874246523425,93.5932290902689,96.5979374881714,95.8962712659845
13.4464285714286,94.28630870025,93.5919212025659,96.59681166963,95.8949555208378
13.452380952381,94.2852010515764,93.5906229523747,96.5956943509796,95.8936499593008
13.4583333333333,94.2841014313796,93.5893359722087,96.5945878357593,95.8923556665166
13.4642857142857,94.2830098396597,93.588060262068,96.593490264185,95.8910726424854
13.4702380952381,94.2819262764166,93.586796392008,96.592400587915,95.8898011026862
13.4761904761905,94.2808507416504,93.5855428323542,96.5913188069494,95.8885397718346
13.4821428571429,94.2797831787523,93.584299331624,96.5902449212883,95.8872892221135
13.4880952380952,94.2787224302575,93.583067163466,96.5891789309316,95.8860517268499
13.4940476190476,94.2776703134578,93.5818473337283,96.5881208358792,95.8848232906821
13.5,94.276626828353,93.5806364759753,96.5870730773672,95.8836039136101
13.5059523809524,94.2755922742812,93.5794345902069,96.586033253455,95.8823935956339
13.5119047619048,94.2745658582009,93.5782416764232,96.5850007557404,95.8811923367535
13.5178571428571,94.2735472084283,93.5770577346241,96.5839755842232,95.880000136969
13.5238095238095,94.2725367847301,93.5758827648097,96.5829577389035,95.8788191700517
13.5297619047619,94.2715359929975,93.5747195233604,96.5819472197813,95.8776487262114
13.5357142857143,94.2705421981915,93.5735663547101,96.5809440268565,95.8764867405981
13.5416666666667,94.269555400312,93.5724216031875,96.5799506639764,95.8753332132116
13.547619047619,94.2685755993591,93.5712852687926,96.5789643386512,95.8741881440519
13.5535714285714,94.2676027953327,93.5701573515255,96.5779848280116,95.8730515331191
13.5595238095238,94.2666369882329,93.5690378513861,96.5770121320576,95.8719233804131
13.5654761904762,94.2656796167787,93.5679267683743,96.5760462507893,95.8708027409475
13.5714285714286,94.2647302813123,93.5668270910949,96.5750871842066,95.8696907576553
13.577380952381,94.2637874444817,93.5657363671134,96.5741350301227,95.868588063074
13.5833333333333,94.2628511062869,93.5646536126671,96.5731921157596,95.8674949153161
13.5892857142857,94.261921266728,93.563578827756,96.5722555407811,95.8664107487185
13.5952380952381,94.2609979258049,93.5625120123801,96.5713253051872,95.8653349622761
13.6011904761905,94.2600810835176,93.5614531665395,96.570401408978,95.8642682322783
13.6071428571429,94.2591723461053,93.560402290234,96.5694838521533,95.8632120267654
13.6130952380952,94.2582707430743,93.5593582754745,96.5685726347133,95.8621633195137
13.6190476190476,94.25737525957,93.55832285727,96.5676681259514,95.8611221105234
13.625,94.2564858955922,93.5572962511382,96.5667719100314,95.8600883997943
13.6309523809524,94.2556026511412,93.5562787986198,96.565881620172,95.8590621873265
13.6369047619048,94.2547255262167,93.555269630626,96.5649972563731,95.85804347312
13.6428571428571,94.2538545208189,93.5542683974355,96.5641188186348,95.857034113699
13.6488095238095,94.2529887778087,93.55327450128,96.5632463069571,95.8560333465095
13.6547619047619,94.2521292520398,93.5522879154032,96.5623797213399,95.8550396472189
13.6607142857143,94.2512763095014,93.5513096096748,96.5615196629228,95.8540530158272
13.6666666666667,94.2504301266201,93.550339186759,96.5606670461902,95.8530734523344
13.672619047619,94.2495903615699,93.5493757757657,96.5598199934247,95.8521009567405
13.6785714285714,94.2487565945729,93.5484204260406,96.5589785046265,95.8511355290455
13.6845238095238,94.2479290270733,93.5474731825837,96.5581425797956,95.8501782372661
13.6904761904762,94.2471091278322,93.5465339911043,96.5573122189318,95.8492284570777
13.6964285714286,94.246294672866,93.5456022043695,96.5564874220353,95.8482857040291
13.702380952381,94.2454856621748,93.5446794882056,96.555668966725,95.8473499781201
13.7083333333333,94.2446820957585,93.5437647998011,96.5548572114697,95.8464213865829
13.7142857142857,94.2438839736171,93.5428567038086,96.5540507069508,95.8455008961596
13.7202380952381,94.2430912957506,93.5419552002281,96.5532494531681,95.8445871137021
13.7261904761905,94.2423049530084,93.5410602890596,96.5524534501217,95.8436800392102
13.7321428571429,94.2415249675738,93.5401719703031,96.5516626978116,95.8427796726839
13.7380952380952,94.2407501536662,93.5392902439586,96.5508771962379,95.8418873598037
13.7440476190476,94.2399805112858,93.5384180709174,96.550097466747,95.8410028556559
13.75,94.2392160404323,93.5375522371564,96.54932350252,95.8401244725195
13.7559523809524,94.238456741106,93.5366926561524,96.5485546961947,95.8392522103948
13.7619047619048,94.2377026133068,93.5358393279055,96.547791047771,95.8383860692815
13.7678571428571,94.2369532591562,93.5349922524157,96.547032557249,95.8375260491798
13.7738095238095,94.2362090979839,93.5341514296829,96.5462788669191,95.8366721500896
13.7797619047619,94.2354705260549,93.533317184647,96.5455298790968,95.8358264220284
13.7857142857143,94.2347375842254,93.5324918086746,96.54478624427,95.8349873251517
13.7916666666667,94.2340098318437,93.5316723721025,96.5440474413999,95.8341540660635
13.797619047619,94.2332878224586,93.5308588749308,96.5433134267581,95.8333266447638
13.8035714285714,94.2325713006669,93.5300513171593,96.5425846531863,95.8325050612527
13.8095238095238,94.2318595969016,93.5292496987881,96.5418611887005,95.8316893155301
13.8154761904762,94.2311527111627,93.5284540198172,96.5411427228365,95.8308794075961
13.8214285714286,94.2304506434503,93.5276641060426,96.5404295756774,95.8300776280879
13.827380952381,94.2297534856741,93.5268799194147,96.5397222829543,95.8292818244444
13.8333333333333,94.2290620100484,93.5261023699597,96.5390194626191,95.8284915754284
13.8392857142857,94.2283752119724,93.5253306259549,96.5383211146718,95.8277068810399
13.8452380952381,94.227693091446,93.524565297523,96.5376272391124,95.8269277412791
13.8511904761905,94.2270156484693,93.5238065521238,96.5369378359409,95.8261541561458
13.8571428571429,94.2263429779613,93.523054012568,96.5362529051573,95.8253861256401
13.8630952380952,94.2256757272075,93.5223079480534,96.5355735796426,95.8246260705653
13.8690476190476,94.2250129478056,93.5215683486072,96.5348991004549,95.823871417555
13.875,94.2243546397557,93.5208344361571,96.5342288666774,95.8231220621137
13.8809523809524,94.2237008030577,93.5201062107031,96.5335628783101,95.8223780042416
13.8869047619048,94.2230516133332,93.5193836722451,96.5329011353528,95.8216392439386
13.8928571428571,94.2224081583182,93.5186677060297,96.5322436378057,95.8209057812046
13.8988095238095,94.2217689092388,93.5179572209033,96.5315903856688,95.8201777833523
13.9047619047619,94.2211338660951,93.5172522011707,96.530942657332,95.819457216842
13.9107142857143,94.2205030288871,93.516552646832,96.5302993341839,95.8187417160559
13.9166666666667,94.2198763976146,93.5158591248225,96.5296600725067,95.8180312809939
13.922619047619,94.2192539722778,93.5151713527889,96.5290248723005,95.8173259116561
13.9285714285714,94.2186363225989,93.5144888872355,96.5283937335653,95.8166256080425
13.9345238095238,94.2180238069956,93.5138117281623,96.5277666563012,95.8159303701531
13.9404761904762,94.2174153055023,93.5131400895042,96.527143640508,95.8152406115608
13.9464285714286,94.2168108181191,93.5124743117321,96.5265260155306,95.8145576709989
13.952380952381,94.2162103448459,93.5118136412811,96.525912429717,95.8138795540447
13.9583333333333,94.2156138856828,93.5111580781509,96.5253027396454,95.8132062606985
13.9642857142857,94.2150214406297,93.5105076223417,96.5246969453161,95.8125377909602
13.9702380952381,94.2144334807692,93.509863708382,96.5240950467287,95.8118741448298
13.9761904761905,94.2138500228881,93.5092247542437,96.5234970438836,95.8112153223072
13.9821428571429,94.2132705139526,93.5085905834499,96.5229029416092,95.810561469874
13.9880952380952,94.2126949539627,93.5079611960006,96.5223130593378,95.8099129077796
13.9940476190476,94.2121233429184,93.5073365918958,96.521727159894,95.8092693265442
14,94.2115556808198,93.5067167711354,96.5211452432779,95.8086307261679
14,94.2115556808198,93.5067167711354,96.5211452432779,95.8086307261679
14.0059523809524,94.2109367982321,93.5060276842718,96.5205129537586,95.8079246435136
14.0119047619048,94.2102140443961,93.5052014719474,96.5197836961572,95.8070842755984
14.0178571428571,94.2094079283644,93.5042622929068,96.518965019991,95.8061333929354
14.0238095238095,94.2085163081842,93.5032086908563,96.518062884428,95.8050700341713
14.0297619047619,94.2075498186628,93.5020650716167,96.5170901383956,95.8039175725294
14.0357142857143,94.2065219406743,93.5008350784672,96.5160565070754,95.8026817237018
14.0416666666667,94.2054311061806,93.4995232900649,96.514960432611,95.8013622455721
14.047619047619,94.2042827611368,93.4981508232954,96.5138073169947,95.7999832798259
14.0535714285714,94.2030925323181,93.4967169647886,96.512612728595,95.7985452881961
14.0595238095238,94.2018604197246,93.4952237530354,96.5113766674117,95.7970558878788
14.0654761904762,94.2005891951978,93.4936911895143,96.5100961082509,95.795522117878
14.0714285714286,94.199286581068,93.4921192742251,96.5087832951239,95.7939436134993
14.077380952381,94.1979527392793,93.4905050227546,96.5074455036702,95.7923244146472
14.0833333333333,94.1965881702305,93.4888629285458,96.5060827338896,95.7906780622995
14.0892857142857,94.1952029367549,93.4871990027422,96.5046954198791,95.7890029226404
14.0952380952381,94.1937986201399,93.4855132453439,96.5032914309845,95.7873021868375
14.1011904761905,94.1923718469469,93.4838067762766,96.5018732735011,95.7855886064936
14.1071428571429,94.1909356092131,93.4820881687297,96.5004409474292,95.7838621816089
14.1130952380952,94.1894913135197,93.4803591348972,96.4989944527685,95.7821229121833
14.1190476190476,94.1880389598669,93.4786196747791,96.4975333818806,95.7803701998308
14.125,94.1865785482545,93.4768697883754,96.4960620760538,95.7786114961051
14.1309523809524,94.1851094326849,93.47510844079,96.4945876520861,95.7768503715936
14.1369047619048,94.1836372605784,93.4733469755686,96.4931101099777,95.7750868262963
14.1428571428571,94.182165166902,93.4715876678087,96.4916294497285,95.7733208602132
14.1488095238095,94.1806931516556,93.4698305175104,96.490145681073,95.7715524216185
14.1547619047619,94.1792212148393,93.4680755246736,96.4886638125248,95.7697840244193
14.1607142857143,94.1777493564531,93.4663226892985,96.4871844156378,95.7680207863107
14.1666666666667,94.176277551071,93.4645725841658,96.4857074904119,95.7662627072927
14.172619047619,94.174809241168,93.4628295979016,96.4842330368472,95.7645097873653
14.1785714285714,94.1733464630798,93.4610946202217,96.4827615534153,95.7627627138896
14.1845238095238,94.1718892168064,93.4593676511261,96.4812960697386,95.761024610409
14.1904761904762,94.1704375023478,93.4576486906147,96.4798370490963,95.7592956295656
14.1964285714286,94.1689916980875,93.4559377386876,96.4783844914883,95.7575757713596
14.202380952381,94.167554104835,93.4542347953448,96.4769383969146,95.7558650357909
14.2083333333333,94.1661247095114,93.4525427577907,96.4754995821171,95.7541634228595
14.2142857142857,94.1647035121165,93.450862543108,96.4740699684731,95.7524709325655
14.2202380952381,94.1632905126505,93.4491930950551,96.4726490557445,95.7507890439279
14.2261904761905,94.1618857111132,93.447534413632,96.4712368439315,95.7491190621819
14.2321428571429,94.1604891075048,93.4458864988386,96.4698333330339,95.7474606502364
14.2380952380952,94.1591024781161,93.4442493506751,96.4684385230518,95.7458138080912
14.2440476190476,94.1577266906325,93.4426229691414,96.4670524139851,95.7441790747484
14.25,94.1563604162505,93.4410117093549,96.4656744577504,95.7425575964751
14.2559523809524,94.1550036549699,93.4394133972547,96.4643064105488,95.7409483494308
14.2619047619048,94.1536564067908,93.4378268243676,96.4629490188139,95.7393513336154
14.2678571428571,94.1523186717131,93.4362519906939,96.4616021854202,95.7377665490291
14.2738095238095,94.150990449737,93.4346888962334,96.4602654192766,95.7361985973763
14.2797619047619,94.1496741929113,93.4331375409861,96.4589383257323,95.7346429075355
14.2857142857143,94.1483691637839,93.4315979249521,96.457622250491,95.7330991595311
14.2916666666667,94.1470740456576,93.4300751631126,96.4563172095582,95.7315673533631
14.297619047619,94.1457888385326,93.4285649425597,96.4550227581077,95.7300474890314
14.3035714285714,94.1445135424088,93.4270665462449,96.453741920303,95.728539566536
14.3095238095238,94.1432481572863,93.4255799741683,96.4524711262502,95.7270448074527
14.3154761904762,94.1419926831649,93.4241052263298,96.4512102615521,95.7255662035805
14.3214285714286,94.1407500677986,93.4226423027295,96.4499593262086,95.7240993124554
14.327380952381,94.1395181634042,93.4211912033673,96.4487183202197,95.7226441340774
14.3333333333333,94.1382959513323,93.4197575907307,96.4474872435855,95.7212006684466
14.3392857142857,94.1370834315828,93.4183354724125,96.4462676421349,95.7197689155628
14.3452380952381,94.1358806041558,93.4169247570661,96.4450599623948,95.7183488754262
14.3511904761905,94.1346874690513,93.4155254446914,96.4438618150947,95.7169424680081
14.3571428571429,94.1335040262692,93.4141375352885,96.4426732002348,95.7155511139883
14.3630952380952,94.1323335479418,93.4127610288573,96.441494117815,95.7141709060061
14.3690476190476,94.1311728727817,93.4113957172258,96.4403245678353,95.7128018440616
14.375,94.1300214107053,93.4100405262827,96.4391645502957,95.7114439281548
14.3809523809524,94.1288791617127,93.408697993357,96.4380131613914,95.7100971582857
14.3869047619048,94.1277461258037,93.4073681184487,96.4368710932906,95.7087615344543
14.3928571428571,94.1266223029785,93.4060499035671,96.4357392927124,95.7074394641369
14.3988095238095,94.1255076932371,93.4047426980286,96.4346177310697,95.7061309919421
14.4047619047619,94.1244057753664,93.4034476752622,96.4335049124049,95.7048330155643
14.4107142857143,94.1233126348039,93.4021648352681,96.4324020290596,95.7035455350037
14.4166666666667,94.1222281304764,93.400894609081,96.4313091158347,95.70226855026
14.422619047619,94.1211522623841,93.3996356198266,96.430225551591,95.7010020613335
14.4285714285714,94.1200850305268,93.3983875989654,96.4291536471021,95.699746068224
14.4345238095238,94.1190264349046,93.3971533476294,96.4280907455401,95.6985032786385
14.4404761904762,94.1179767407982,93.3959306906177,96.4270361768857,95.6972726169285
14.4464285714286,94.1169387139955,93.3947177921841,96.4259899411388,95.696051808937
14.452380952381,94.1159087421385,93.3935146523288,96.4249520382993,95.6948408546642
14.4583333333333,94.1148868252272,93.3923212710516,96.4239224683674,95.6936397541101
14.4642857142857,94.1138729632617,93.3911376483527,96.4229020110793,95.6924485072746
14.4702380952381,94.112867156242,93.3899637842319,96.4218920266812,95.6912671141577
14.4761904761905,94.1118694041679,93.3888042651549,96.4208897648287,95.6900985848477
14.4821428571429,94.1108802955622,93.3876538982078,96.4198952255218,95.6889408516517
14.4880952380952,94.1099015682024,93.3865126755146,96.4189084087604,95.6877923113436
14.4940476190476,94.1089303521173,93.3853805970753,96.4179293145446,95.6866529639234
14.5,94.1079666473068,93.3842576628898,96.4169579428743,95.6855228093912
14.5059523809524,94.1070104537709,93.3831438729581,96.4159953619866,95.6844018477468
14.5119047619048,94.1060617715097,93.3820390045306,96.4150419700255,95.6832900789904
14.5178571428571,94.1051206005231,93.3809422240768,96.4140957828325,95.6821907644227
14.5238095238095,94.1041865070652,93.3798555440939,96.4131568004074,95.6811010382462
14.5297619047619,94.1032591920002,93.3787789645818,96.4122250227502,95.6800198951201
14.5357142857143,94.1023398936633,93.3777129445952,96.411300449861,95.6789473350445
14.5416666666667,94.1014286120542,93.3766563241063,96.4103830817398,95.6778833580194
14.547619047619,94.1005256663172,93.3756087532209,96.4094742576018,95.6768279640447
14.5535714285714,94.0996300612401,93.374571332712,96.4085736954101,95.6757811531204
14.5595238095238,94.0987416843226,93.3735451157174,96.4076798033881,95.6747464376878
14.5654761904762,94.0978615673168,93.3725269687369,96.4067925815357,95.673720215222
14.5714285714286,94.0969896262359,93.3715168917704,96.405912029853,95.6727020144665
14.577380952381,94.0961242109809,93.370514884818,96.4050381483399,95.6716918354213
14.5833333333333,94.0952653215519,93.3695209478797,96.4041709369965,95.6706896780863
14.5892857142857,94.0944129579489,93.3685350809554,96.4033118965227,95.6696955424617
14.5952380952381,94.0935671201719,93.3675596886486,96.4024602206662,95.6687094285473
14.6011904761905,94.0927278082208,93.366593424159,96.4016147705119,95.6677350066438
14.6071428571429,94.0918961566697,93.3656347772926,96.4007755460597,95.6667681141848
14.6130952380952,94.0910712091214,93.3646837480496,96.3999425473097,95.665808749457
14.6190476190476,94.090252583383,93.3637403364299,96.3991157742618,95.6648569124604
14.625,94.0894402794546,93.3628045424335,96.3982952269162,95.663912603195
14.6309523809524,94.0886342973362,93.3618763660604,96.3974825466016,95.6629758216609
14.6369047619048,94.0878354271313,93.3609586555628,96.3966764646626,95.6620469633493
14.6428571428571,94.0870430945486,93.3600490994938,96.3958762086641,95.6611285688924
14.6488095238095,94.0862567500962,93.3591467110408,96.395081778606,95.6602172716958
14.6547619047619,94.0854763937741,93.3582514902038,96.3942931744884,95.6593130717595
14.6607142857143,94.0847020255824,93.3573634369829,96.3935103963113,95.6584159690835
14.6666666666667,94.083934277092,93.3564825513779,96.3927334440747,95.6575259636678
14.672619047619,94.0831730188444,93.3556088333889,96.3919617226015,95.6566430555124
14.6785714285714,94.0824174951551,93.354745295181,96.3911960731161,95.6557679919878
14.6845238095238,94.0816677060242,93.3538890592961,96.3904367338187,95.6549024556492
14.6904761904762,94.0809236514516,93.3530396340221,96.3896835713034,95.6540435880579
14.6964285714286,94.0801856356571,93.3521970193591,96.388936192973,95.6531913892141
14.702380952381,94.0794540810593,93.3513612153071,96.3881938864665,95.6523458591176
14.7083333333333,94.0787279690274,93.350532221866,96.3874570102062,95.6515069977686
14.7142857142857,94.0780072995614,93.3497100390358,96.3867260587115,95.6506748051671
14.7202380952381,94.0772920726612,93.3488977190021,96.3860011667167,95.6498489982934
14.7261904761905,94.0765823384987,93.348091961411,96.3852820420368,95.6490297504409
14.7321428571429,94.0758799424565,93.3472926903664,96.3845683701742,95.6482178931647
14.7380952380952,94.075182590379,93.3464999058684,96.383860614853,95.6474124781526
14.7440476190476,94.0744902822662,93.345713607917,96.383159376124,95.6466141963766
14.75,94.0738030181181,93.3449337965121,96.382463102072,95.6458232308371
14.7559523809524,94.0731207979348,93.3441607582932,96.381771792697,95.6450391907781
14.7619047619048,94.0724436217162,93.3433970167391,96.3810854479991,95.6442620973754
14.7678571428571,94.071771304724,93.3426393826031,96.3804040679782,95.6434924814279
14.7738095238095,94.0711037415296,93.3418878558853,96.3797276526344,95.6427291414514
14.7797619047619,94.070441681262,93.3411424365855,96.379057306977,95.6419720774459
14.7857142857143,94.0697852076223,93.3404031247039,96.3783924046296,95.6412212894114
14.7916666666667,94.0691339401533,93.3396699202405,96.3777322053854,95.6404774276649
14.797619047619,94.0684880704528,93.3389426592402,96.3770767092446,95.6397400786281
14.8035714285714,94.0678484860816,93.3382212595615,96.3764259162072,95.6390087238615
14.8095238095238,94.0672135678868,93.3375066901093,96.3757798262731,95.6382833633652
14.8154761904762,94.0665833158684,93.3367990544658,96.3751384394424,95.6375639971391
14.8214285714286,94.0659577300265,93.3360977927262,96.3745030336726,95.6368528101766
14.827380952381,94.065336810361,93.3354039357297,96.3738725663434,95.6361472180198
14.8333333333333,94.064720556872,93.334717233201,96.3732465615516,95.6354471535067
14.8392857142857,94.0641100217137,93.3340361714285,96.3726250192972,95.6347526166371
14.8452380952381,94.0635047456254,93.3333607504122,96.3720079395803,95.6340636074111
14.8511904761905,94.0629038883968,93.3326909701522,96.3713953224007,95.6333801258287
14.8571428571429,94.0623074500279,93.3320268306484,96.3707871677586,95.6327027606916
14.8630952380952,94.0617154305187,93.3313683319008,96.3701848826048,95.6320326304498
14.8690476190476,94.0611278298692,93.3307177892096,96.3695871064462,95.6313677660592
14.875,94.0605446480795,93.3300729465838,96.3689935748216,95.63070816752
14.8809523809524,94.0599670716435,93.3294334223106,96.3684042877309,95.6300538348321
14.8869047619048,94.0593942737505,93.3287992163901,96.3678192451741,95.6294047679956
14.8928571428571,94.0588257140748,93.3281703288223,96.3672384471512,95.6287609670104
14.8988095238095,94.0582613926163,93.3275467596071,96.3666618936622,95.6281233044549
14.9047619047619,94.057701309375,93.3269285087446,96.3660911108613,95.6274923065431
14.9107142857143,94.057145464351,93.3263179992978,96.3655244403225,95.6268663130383
14.9166666666667,94.0565938575442,93.3257126146841,96.36496181495,95.6262453239407
14.922619047619,94.0560477212261,93.3251123353194,96.3644032347439,95.6256293392501
14.9285714285714,94.0555059681591,93.3245171612037,96.3638486997041,95.6250183589666
14.9345238095238,94.0549682853232,93.323927092337,96.3632982098307,95.6244123830902
14.9404761904762,94.0544346727184,93.3233421287192,96.3627518769106,95.6238111261199
14.9464285714286,94.0539051303446,93.3227625314719,96.362210982486,95.6232149475183
14.952380952381,94.0533796582019,93.3221901507217,96.3616739518866,95.6226243732409
14.9583333333333,94.0528582562903,93.3216226152794,96.3611407851124,95.622039222553
14.9642857142857,94.052342381385,93.3210599251451,96.3606114821632,95.6214595614369
14.9702380952381,94.051830509563,93.3205020803188,96.3600860430392,95.6208862996458
14.9761904761905,94.0513224971226,93.3199490808004,96.3595644677403,95.6203177367638
14.9821428571429,94.0508183440638,93.31940092659,96.3590466486235,95.6197538727908
14.9880952380952,94.0503180503868,93.3188576732872,96.35853239199,95.6191947077268
14.9940476190476,94.0498216160914,93.3183196369403,96.3580223282055,95.6186402415717
15,94.0493290411776,93.3177867230176,96.357516410036,95.6180904743256
15,94.0493290411776,93.3177867230176,96.357516410036,95.6180904743256
15.0059523809524,94.0487841094619,93.3171842664621,96.3569597065395,95.6174729593237
15.0119047619048,94.0481410299027,93.3164468235891,96.3563069678254,95.6167209249282
15.0178571428571,94.0474039020778,93.3155908196673,96.3555602843752,95.6158581887305
15.0238095238095,94.0465873528636,93.3146249346429,96.3547388065784,95.6148827951298
15.0297619047619,94.0457005746918,93.3135688198782,96.3538464495082,95.613818143674
15.0357142857143,94.0447463135271,93.3124197838087,96.352880837756,95.6126699545999
15.0416666666667,94.0437328767417,93.3111986521204,96.3518610557509,95.611438003741
15.047619047619,94.0426642454895,93.3099126463639,96.3507908363349,95.610146475278
15.0535714285714,94.0415473416705,93.3085588382199,96.349667661101,95.6087957986902
15.0595238095238,94.0403845981815,93.3071564036591,96.3485005620803,95.6073928805165
15.0654761904762,94.0391847730366,93.3057110564294,96.3473009967244,95.6059444380496
15.0714285714286,94.0379551508314,93.3042208492675,96.3460689650333,95.6044516225897
15.077380952381,94.0366975175795,93.3026925468353,96.3448022808441,95.6029246997902
15.0833333333333,94.0354118732808,93.3011395286359,96.3435078215912,95.6013656716621
15.0892857142857,94.0340976860516,93.2995617946693,96.3421956816986,95.599779780658
15.0952380952381,94.0327654102039,93.2979597219493,96.3408658611661,95.5981740525488
15.1011904761905,94.0314184349487,93.2963415158526,96.3395183599939,95.5965485062335
15.1071428571429,94.0300567357664,93.2947104642142,96.3381553235388,95.5949019484385
15.1130952380952,94.0286844184595,93.2930665670339,96.3367837284081,95.5932423279891
15.1190476190476,94.027305801605,93.2914098243119,96.3354041117771,95.5915763385067
15.125,94.0259208852029,93.2897379820857,96.3340164736459,95.5899039799915
15.1309523809524,94.0245296692533,93.2880636435347,96.3326208140143,95.5882250191673
15.1369047619048,94.0231321537561,93.2863906408272,96.3312169158804,95.5865398117202
15.1428571428571,94.0217282679877,93.2847189739634,96.3298087291381,95.5848571565426
15.1488095238095,94.020323609514,93.283048642943,96.3284014916296,95.5831770536345
15.1547619047619,94.0189207224301,93.2813796477663,96.3269952033549,95.5814995029957
15.1607142857143,94.0175196067358,93.2797119884331,96.3255898643139,95.5798245046265
15.1666666666667,94.0161202209738,93.27804596186,96.3241854745067,95.5781518090007
15.172619047619,94.0147248400406,93.2763868465899,96.3227833739111,95.5764828422588
15.1785714285714,94.0133347484717,93.274734904358,96.3213869516045,95.5748211369748
15.1845238095238,94.011949946267,93.2730901351644,96.3199962135349,95.5731666931489
15.1904761904762,94.0105706776785,93.271453390286,96.3186111597024,95.5715203558409
15.1964285714286,94.0091990754111,93.2698263177031,96.317231790107,95.5698834882431
15.202380952381,94.0078353647174,93.2682088697073,96.3158599102666,95.5682560967369
15.2083333333333,94.0064795455974,93.2666010462985,96.3144964450356,95.5666396214155
15.2142857142857,94.005131618051,93.2650034841289,96.3131412730579,95.565035575698
15.2202380952381,94.0037915820784,93.2634177575797,96.3117943943336,95.5634424319203
15.2261904761905,94.0024594376794,93.2618432325254,96.3104558088627,95.5618601900822
15.2321428571429,94.00113700278,93.260279908966,96.3091255166451,95.5602888501838
15.2380952380952,93.9998251388112,93.2587277869016,96.3078037671176,95.5587284122251
15.2440476190476,93.9985226653113,93.2571889876583,96.3064938318916,95.5571788762061
15.25,93.9972295822801,93.2556623579059,96.305193485338,95.555639592198
15.2559523809524,93.9959458897178,93.2541476718239,96.3039027274567,95.5541130827327
15.2619047619048,93.9946715876243,93.2526449294123,96.3026215582478,95.5525988148044
15.2678571428571,93.9934066759995,93.2511549551246,96.3013499777113,95.5510972301044
15.2738095238095,93.9921537479514,93.2496782754189,96.3000879858471,95.5496085313464
15.2797619047619,93.9909119176167,93.2482138244906,96.2988363316687,95.5481323921817
15.2857142857143,93.9896799674644,93.2467616023397,96.2975974854418,95.5466699488933
15.2916666666667,93.9884578974946,93.2453222138428,96.2963685792939,95.5452208853201
15.297619047619,93.9872457077074,93.2438995324171,96.295149613225,95.5437840509712
15.3035714285714,93.9860433981026,93.2424884254032,96.2939405872352,95.5423591703605
15.3095238095238,93.9848509686803,93.241088892801,96.2927415013244,95.5409478640434
15.3154761904762,93.9836715259615,93.2397009346106,96.2915523554927,95.5395501320201
15.3214285714286,93.9825027083582,93.2383245508321,96.2903743633429,95.5381667169077
15.327380952381,93.9813436131487,93.2369597414653,96.2892088708394,95.5367960764638
15.3333333333333,93.9801942403333,93.2356087626865,96.2880531040606,95.5354377900798
15.3392857142857,93.9790545899118,93.2342726245072,96.2869070630064,95.5340925652029
15.3452380952381,93.9779246618842,93.2329476923424,96.2857707476769,95.5327635123811
15.3511904761905,93.9768044562505,93.2316339661924,96.2846441580721,95.5314457177234
15.3571428571429,93.9756974403349,93.2303314460571,96.283527294192,95.5301391812299
15.3630952380952,93.9746001641823,93.2290401319364,96.2824217562024,95.5288439029005
15.3690476190476,93.973512144413,93.2277600238304,96.2813277987439,95.5275598827352
15.375,93.972433381027,93.2264939289751,96.2802430730064,95.5262871207341
15.3809523809524,93.9713638740243,93.2252413253797,96.2791675789899,95.5250250454512
15.3869047619048,93.9703036234048,93.223999407371,96.2781013166942,95.5237744511591
15.3928571428571,93.9692526291687,93.222768174949,96.2770442861194,95.5225363889691
15.3988095238095,93.9682144276786,93.2215476281138,96.2759964872656,95.521310249058
15.4047619047619,93.9671849819778,93.2203377668652,96.2749570751694,95.520094701919
15.4107142857143,93.9661642558935,93.2191385912034,96.2739266715658,95.5188901349087
15.4166666666667,93.9651522494255,93.2179536754623,96.2729061930222,95.5176975144351
15.422619047619,93.964148962574,93.2167805723408,96.2718954700404,95.5165165498953
15.4285714285714,93.9631543953388,93.2156175228006,96.2708928762969,95.5153455637094
15.4345238095238,93.9621689121143,93.2144645268416,96.2698998552515,95.514186126939
15.4404761904762,93.9611951091231,93.2133215844638,96.268916406904,95.5130382395841
15.4464285714286,93.9602294151034,93.2121886956672,96.2679416761023,95.5119021929432
15.452380952381,93.959271830055,93.2110658604518,96.2669757944221,95.5107768233235
15.4583333333333,93.958322353978,93.2099568804702,96.2660191786674,95.5096618940144
15.4642857142857,93.9573809868723,93.2088583929314,96.2650713159666,95.5085607809711
15.4702380952381,93.956447728738,93.2077693647381,96.2641341433241,95.5074694965019
15.4761904761905,93.9555232770752,93.2066897958902,96.2632054463318,95.5063875007553
15.4821428571429,93.9546092538549,93.2056196863877,96.2622844676863,95.505314793731
15.4880952380952,93.9537027790069,93.2045590362306,96.2613712073875,95.5042513754292
15.4940476190476,93.9528038525312,93.2035078454191,96.2604656654354,95.5031972458498
15.5,93.951912474428,93.202470208975,96.25956784183,95.5021535461501
15.5059523809524,93.9510286446971,93.2014418748029,96.2586783582368,95.501122019517
15.5119047619048,93.9501523633386,93.2004223890103,96.2577986323641,95.5000991607376
15.5178571428571,93.9492846069616,93.1994117515973,96.2569260507538,95.4990849698119
15.5238095238095,93.9484261673883,93.1984099625638,96.2560606134061,95.4980794467398
15.5297619047619,93.9475747488193,93.1974170219099,96.2552023203209,95.4970825915214
15.5357142857143,93.9467303512547,93.196433009394,96.2543511714983,95.4960944041567
15.5416666666667,93.9458929746945,93.1954620912128,96.2535071669382,95.4951165249372
15.547619047619,93.9450626191387,93.1944994536689,96.2526698293567,95.4941495285244
15.5535714285714,93.9442392845872,93.1935450967624,96.2518390075779,95.493190648989
15.5595238095238,93.9434242109953,93.1925990204933,96.2510158006334,95.492239886331
15.5654761904762,93.9426174923008,93.1916612248617,96.2502002132906,95.4912972405504
15.5714285714286,93.941817311374,93.1907317098674,96.2493924997862,95.4903627116472
15.577380952381,93.9410236682149,93.1898102638816,96.2485916713232,95.4894362996215
15.5833333333333,93.9402365628235,93.1888961241404,96.2477977279016,95.4885199372457
15.5892857142857,93.9394559951998,93.1879911549068,96.2470121937802,95.4876132810642
15.5952380952381,93.9386819653439,93.1870953561808,96.246233701738,95.4867142703609
15.6011904761905,93.9379159000798,93.1862091233397,96.2454614234767,95.4858229051358
15.6071428571429,93.9371572968497,93.1853313421788,96.2446953589963,95.4849391853888
15.6130952380952,93.9364048157248,93.1844618096785,96.2439355082968,95.4840631111199
15.6190476190476,93.9356584567053,93.1836000729609,96.2431818713782,95.4831946823292
15.625,93.9349182197911,93.1827462636431,96.2424345155383,95.4823359933276
15.6309523809524,93.9341841049822,93.1819010733418,96.2416955550317,95.481485968842
15.6369047619048,93.9334561122786,93.1810640760024,96.2409623961415,95.4806431747304
15.6428571428571,93.9327334714131,93.1802376529503,96.2402350388676,95.4798076109927
15.6488095238095,93.9320169173356,93.179418963489,96.23951348321,95.4789792776289
15.6547619047619,93.9313069673831,93.1786074064913,96.2387977291687,95.4781581746391
15.6607142857143,93.9306031779204,93.1778029819573,96.2380877767438,95.4773443020232
15.6666666666667,93.9299049369261,93.1770056898869,96.2373839882236,95.4765388077879
15.672619047619,93.9292130869523,93.1762155302801,96.2366877747979,95.475740954338
15.6785714285714,93.9285276322903,93.17543208439,96.2359969958739,95.4749502819536
15.6845238095238,93.9278486615684,93.1746552025895,96.2353116514518,95.4741667906345
15.6904761904762,93.9271755745396,93.1738861791771,96.2346317415314,95.4733905268499
15.6964285714286,93.9265090150315,93.1731250706444,96.2339572661128,95.4726225725151
15.702380952381,93.9258493299054,93.1723720145504,96.233288225196,95.4718614675685
15.7083333333333,93.9251949751494,93.1716261020769,96.2326251852517,95.4711072120101
15.7142857142857,93.9245459507635,93.1708873332239,96.2319689595643,95.4703598058397
15.7202380952381,93.9239022567476,93.170158167704,96.2313178683772,95.4696202284019
15.7261904761905,93.9232638931018,93.169435748451,96.2306719116905,95.4688889038597
15.7321428571429,93.922630859826,93.1687197261854,96.2300310895041,95.4681638362122
15.7380952380952,93.9220026570452,93.1680101009072,96.2293954018181,95.4674450254593
15.7440476190476,93.9213799520036,93.1673068726163,96.2287648486324,95.4667324716009
15.75,93.9207630335552,93.1666100413128,96.2281401464132,95.4660261746372
15.7559523809524,93.9201518403535,93.1659203739119,96.2275215994455,95.4653261345681
15.7619047619048,93.919545980874,93.1652392016924,96.2269079214381,95.4646331673929
15.7678571428571,93.9189464087677,93.1645641085623,96.2262991123908,95.4639469711544
15.7738095238095,93.9183525677595,93.1638950945216,96.2256951723038,95.4632670290015
15.7797619047619,93.9177635685652,93.1632321595702,96.2250961011769,95.4625933409344
15.7857142857143,93.9171794111849,93.1625753037082,96.2245018990102,95.4619259917151
15.7916666666667,93.9166000956186,93.1619245269356,96.2239134907859,95.4612659330252
15.797619047619,93.9160256218662,93.1612809847315,96.2233307352933,95.4606118640091
15.8035714285714,93.9154559899278,93.1606452107558,96.2227525635101,95.4599637846668
15.8095238095238,93.9148929256576,93.1600151904106,96.2221789754363,95.4593216949983
15.8154761904762,93.9143345408968,93.1593909236958,96.221609971072,95.4586862312215
15.8214285714286,93.9137807449572,93.1587724106115,96.2210455504172,95.4580571256906
15.827380952381,93.9132315378388,93.1581596511577,96.2204857134718,95.457433728039
15.8333333333333,93.9126869195416,93.1575526453343,96.2199314722636,95.456816038267
15.8392857142857,93.9121468900657,93.1569527566431,96.2193823592179,95.4562040563743
15.8452380952381,93.9116116104395,93.1563598766811,96.2188376239787,95.4555995849411
15.8511904761905,93.9110825561186,93.1557725030135,96.218297266546,95.455000944933
15.8571428571429,93.9105578568335,93.1551906356403,96.2177612869198,95.4544076001178
15.8630952380952,93.9100375125841,93.1546142745614,96.2172296851,95.4538195504954
15.8690476190476,93.9095215233706,93.154043419777,96.2167024610868,95.4532367960658
15.875,93.9090098891928,93.1534780712868,96.2161807797908,95.452659336829
15.8809523809524,93.9085026100509,93.1529189131783,96.2156637906732,95.4520872680934
15.8869047619048,93.9080000234267,93.1523657801713,96.2151509544058,95.4515227419926
15.8928571428571,93.9075030987461,93.151818221541,96.2146422709886,95.4509632729669
15.8988095238095,93.9070103467579,93.1512762372873,96.2141377404218,95.4504088610162
15.9047619047619,93.9065217674619,93.1507400852039,96.2136373627051,95.4498595061405
15.9107142857143,93.9060373608582,93.1502100167998,96.2131411378387,95.4493152083398
15.9166666666667,93.9055571269467,93.1496853091949,96.2126503520376,95.4487759676141
15.922619047619,93.9050810657276,93.1491659623891,96.2121638504137,95.4482421528841
15.9285714285714,93.9046096759867,93.1486519763826,96.2116813075231,95.4477152733965
15.9345238095238,93.9041435022472,93.1481442552661,96.211202723366,95.4471932230403
15.9404761904762,93.903681312846,93.1476417300387,96.2107280979422,95.4466760018155
15.9464285714286,93.9032231077831,93.1471443746491,96.2102574312517,95.4461636097222
15.952380952381,93.9027688870585,93.1466521890972,96.2097907232947,95.4456560467604
15.9583333333333,93.9023186506722,93.1461658416296,96.2093292782285,95.44515331293
15.9642857142857,93.9018723986243,93.1456847396139,96.2088717616847,95.4446559018932
15.9702380952381,93.9014305147521,93.1452086266712,96.2084180462311,95.4441645981308
15.9761904761905,93.9009931274145,93.1447375028016,96.2079681318679,95.4436779760354
15.9821428571429,93.9005596704849,93.1442716409541,96.207522018595,95.443196035607
15.9880952380952,93.9001301439633,93.1438109581197,96.2070797064123,95.4427187768456
15.9940476190476,93.8997045478499,93.1433551662269,96.2066411960995,95.4422461997511
16,93.8992828821445,93.1429042652756,96.2062066104977,95.4417783043236
16,93.8992828821445,93.1429042652756,96.2062066104977,95.4417783043236
16.0059523809524,93.8988095505699,93.1423834373736,96.2057215928345,95.4412421950218
16.0119047619048,93.8982353496704,93.1417290120788,96.205138706754,95.4405782655925
16.0178571428571,93.8975708957418,93.1409545069202,96.2044631824866,95.439791946508
16.0238095238095,93.8968217907673,93.1400712345585,96.2037139262274,95.4388994176366
16.0297619047619,93.896004766764,93.1390872571868,96.2028898367117,95.43791143023
16.0357142857143,93.8951184855322,93.1380226136378,96.2019951074775,95.4368382738255
16.0416666666667,93.8941678805893,93.1368840819533,96.2010475365597,95.4356912896439
16.047619047619,93.8931697361981,93.1356693727669,96.2000471239585,95.434475789926
16.0535714285714,93.8921240523587,93.1344004190469,96.1989986800669,95.4331965086647
16.0595238095238,93.8910278892218,93.1330809592409,96.1979082017605,95.4318714844663
16.0654761904762,93.8898977007566,93.1317079155991,96.1967755000371,95.430500717331
16.0714285714286,93.8887374388386,93.1302964916464,96.1956097531515,95.4290813302102
16.077380952381,93.8875471034675,93.1288541831106,96.194411513249,95.4276308961011
16.0833333333333,93.8863236472008,93.1273809899916,96.1931849317056,95.4261535011807
16.0892857142857,93.8850810231001,93.125874373572,96.1919413776403,95.4246491454489
16.0952380952381,93.8838227489563,93.1243502411643,96.1906808510529,95.4231151848598
16.1011904761905,93.8825488247694,93.1228109393124,96.1894033519436,95.421566829822
16.1071428571429,93.8812592505395,93.1212564680164,96.1881084864366,95.4200064933737
16.1130952380952,93.8799556646688,93.1196870339455,96.1868025312595,95.4184341755149
16.1190476190476,93.8786461091127,93.1181100012447,96.185489796756,95.4168491678973
16.125,93.8773306984869,93.1165280222942,96.1841702829263,95.4152533867692
16.1309523809524,93.8760094327912,93.114941097094,96.1828439897702,95.4136566394446
16.1369047619048,93.8746823120257,93.113349225644,96.1815109172878,95.4120589259237
16.1428571428571,93.8733494104614,93.1117520301855,96.1801715749266,95.4104602462064
16.1488095238095,93.8720158222214,93.1101541625923,96.1788327502833,95.4088606002927
16.1547619047619,93.8706835794957,93.1085603051589,96.1774952806271,95.4072599545296
16.1607142857143,93.8693526822844,93.1069704578853,96.1761591659582,95.4056642294085
16.1666666666667,93.8680231305875,93.1053846207716,96.1748242926212,95.4040747261697
16.172619047619,93.8666957817478,93.1038028617844,96.173492512518,95.4024914448134
16.1785714285714,93.865373741253,93.1022279638316,96.1721666713381,95.4009143853395
16.1845238095238,93.8640572433184,93.1006613705594,96.1708467690813,95.3993435477481
16.1904761904762,93.862746287944,93.0991030819677,96.1695328057477,95.3977787232959
16.1964285714286,93.8614401384875,93.0975530980566,96.1682247813373,95.3962204868686
16.202380952381,93.8601417009351,93.0960149707909,96.1669226958501,95.394672674181
16.2083333333333,93.8588513717241,93.0944873620579,96.1656273973163,95.3931352852332
16.2142857142857,93.8575691508546,93.092970218813,96.1643412674293,95.3916084116019
16.2202380952381,93.8562958375498,93.091463541056,96.1630637726487,95.3900934060462
16.2261904761905,93.8550316815439,93.089967328787,96.1617949129747,95.3885896974607
16.2321428571429,93.8537765556916,93.0884815820061,96.1605346884072,95.3870972858454
16.2380952380952,93.8525304599927,93.0870076965411,96.1592830989463,95.3856164960227
16.2440476190476,93.8512956981558,93.0855487253293,96.1580401445919,95.3841512079861
16.25,93.8500712713142,93.0841013419653,96.156807593967,95.3826976214551
16.2559523809524,93.8488564182327,93.0826655464491,96.1555862393745,95.3812557364297
16.2619047619048,93.8476511389112,93.0812413387805,96.1543745888942,95.3798255529098
16.2678571428571,93.8464554333499,93.0798287189597,96.153172642526,95.3784070708954
16.2738095238095,93.8452693015486,93.0784276869867,96.1519804002699,95.3770002903867
16.2797619047619,93.8440926677131,93.0770404792282,96.150797862126,95.3756072851188
16.2857142857143,93.8429244780276,93.0756684925667,96.1496250280941,95.3742295154208
16.2916666666667,93.8417673415825,93.0743083237745,96.1484642601653,95.3728636212886
16.297619047619,93.8406212583778,93.0729599728517,96.1473148642676,95.3715096027225
16.3035714285714,93.8394856285368,93.0716234397983,96.1461753666019,95.3701674597222
16.3095238095238,93.8383596183014,93.0702987246142,96.1450457671681,95.368837192288
16.3154761904762,93.8372446361823,93.0689858272995,96.1439260659664,95.3675188004196
16.3214285714286,93.8361406821795,93.0676877444419,96.1428162629966,95.3662151006775
16.327380952381,93.8350480854211,93.0664041527915,96.1417163582588,95.3649258739085
16.3333333333333,93.8339661113042,93.0651319883731,96.1406291417917,95.3636481834208
16.3392857142857,93.8328943069781,93.0638712511868,96.139552646802,95.3623820292145
16.3452380952381,93.8318338478552,93.0626219412325,96.1384857405602,95.3611274112894
16.3511904761905,93.8307854573993,93.0613840585103,96.1374284230663,95.3598843296456
16.3571428571429,93.8297463762865,93.0601576030201,96.1363806943204,95.3586527842832
16.3630952380952,93.8287166045169,93.0589415108128,96.1353425543223,95.3574360862119
16.3690476190476,93.8276961420905,93.0577372973908,96.1343140030721,95.3562326328455
16.375,93.8266849890073,93.0565459005911,96.1332980474066,95.3550401375481
16.3809523809524,93.8256831452672,93.0553673554382,96.1322918486481,95.3538586003197
16.3869047619048,93.8246931681189,93.0542022970237,96.1312947226925,95.3526880211602
16.3928571428571,93.8237132332361,93.0530486413556,96.1303066695396,95.3515284000698
16.3988095238095,93.8227420603093,93.0519063884339,96.1293276891896,95.3503797370483
16.4047619047619,93.8217796493382,93.0507776036058,96.1283577816424,95.349240832309
16.4107142857143,93.820826000323,93.0496620416796,96.1273969468981,95.3481133696272
16.4166666666667,93.8198811132636,93.0485566843453,96.1264483713406,95.3469979901275
16.422619047619,93.8189449881601,93.0474615316029,96.1255085096715,95.3458941138094
16.4285714285714,93.8180204309939,93.0463765834525,96.12457710437,95.3448004985578
16.4345238095238,93.8171047935776,93.0453018398939,96.123654155436,95.3437185300324
16.4404761904762,93.8161973621088,93.0442373009273,96.1227396628696,95.3426482082332
16.4464285714286,93.8152981365876,93.0431867715133,96.1218336266707,95.3415898174891
16.452380952381,93.8144071170138,93.0421469647147,96.1209361803484,95.340542078353
16.4583333333333,93.8135243033876,93.0411166856617,96.1200502044583,95.3395048368279
16.4642857142857,93.8126496957089,93.0400959343542,96.1191720762991,95.3384818318368
16.4702380952381,93.8117863075232,93.0390847107922,96.1183017958708,95.3374683300406
16.4761904761905,93.8109308317984,93.0380830149757,96.1174393631734,95.3364641211797
16.4821428571429,93.8100829795415,93.0370908469048,96.1165847782069,95.3354692052542
16.4880952380952,93.8092427507524,93.0361068658222,96.1157380409713,95.334483582264
16.4940476190476,93.8084101454312,93.0351332096193,96.1148996050356,95.3335072522093
16.5,93.8075851635777,93.0341700855926,96.1140712931023,95.3325417069685
16.5059523809524,93.8067678931516,93.0332178666454,96.1132502837524,95.3315879766203
16.5119047619048,93.8059611316478,93.0322758629139,96.1124365769858,95.3306429226482
16.5178571428571,93.8051614784408,93.0313432606901,96.1116301728026,95.3297065450523
16.5238095238095,93.8043689335307,93.0304200599739,96.1108310712028,95.3287788438326
16.5297619047619,93.8035834969174,93.0295098972516,96.1100392721864,95.327859818989
16.5357142857143,93.8028051686009,93.0286082395547,96.1092543956094,95.3269494705216
16.5416666666667,93.8020339485813,93.0277149409598,96.1084759956262,95.3260496720642
16.547619047619,93.8012702472673,93.0268300014668,96.1077053391482,95.325160322481
16.5535714285714,93.8005160283833,93.0259534210758,96.1069424261753,95.3242791287386
16.5595238095238,93.7997684244077,93.0250851997868,96.1061858048022,95.323406090837
16.5654761904762,93.7990274353405,93.0242248510991,96.1054364966534,95.3225412087762
16.5714285714286,93.7982930611817,93.0233723726132,96.1046946608565,95.3216844825562
16.577380952381,93.7975653019314,93.0225291782825,96.103960417565,95.3208359121771
16.5833333333333,93.7968441575894,93.0216952822553,96.1032332698137,95.3199976539519
16.5892857142857,93.7961302949727,93.0208710214741,96.1025129626449,95.3191687435588
16.5952380952381,93.7954248510474,93.0200551040491,96.1018012355509,95.3183474875627
16.6011904761905,93.7947256141648,93.0192475299805,96.101096135951,95.3175338859636
16.6071428571429,93.794032584325,93.0184472253428,96.1003971759099,95.3167279387614
16.6130952380952,93.793345761528,93.0176551651153,96.0997043554276,95.3159296459562
16.6190476190476,93.7926651457737,93.016871804026,96.0990176745041,95.3151390075479
16.625,93.7919907370621,93.0160974355915,96.0983371331394,95.3143584595377
16.6309523809524,93.791323398668,93.0153314057882,96.0976632170651,95.3135862793619
16.6369047619048,93.7906635921507,93.0145732229986,96.0969971336809,95.3128212832459
16.6428571428571,93.7900096219727,93.0138224481164,96.0963367802982,95.3120634711897
16.6488095238095,93.789361488134,93.0130786939297,96.0956821569172,95.3113128431934
16.6547619047619,93.7887191906345,93.0123431456877,96.0950332635378,95.3105693992569
16.6607142857143,93.7880827294744,93.0116158908486,96.09439010016,95.3098331393803
16.6666666666667,93.7874521046534,93.0108969827901,96.0937526667837,95.3091068006511
16.672619047619,93.7868279532015,93.0101855024481,96.0931217342511,95.308387951241
16.6785714285714,93.7862102667342,93.0094814498226,96.0924978451411,95.3076758442144
16.6845238095238,93.7855982567435,93.0087875448428,96.0918793250789,95.3069704795712
16.6904761904762,93.7849919232295,93.0081004147132,96.0912661740643,95.3062718573114
16.6964285714286,93.7843912661921,93.0074199591027,96.0906583920975,95.3055799774351
16.702380952381,93.7837967778766,93.0067461780113,96.0900559791784,95.3048948399423
16.7083333333333,93.783208398027,93.006079071439,96.0894589353071,95.3042193542772
16.7142857142857,93.7826254359928,93.0054186393859,96.0888681914593,95.3035505565364
16.7202380952381,93.782047891774,93.0047653938403,96.0882837824011,95.3028881334741
16.7261904761905,93.7814757653706,93.0041198620569,96.087704445752,95.3022320850902
16.7321428571429,93.7809099035477,93.0034810055277,96.0871301815121,95.3015824113848
16.7380952380952,93.7803503136708,93.0028488242527,96.0865609896812,95.3009391123577
16.7440476190476,93.7797957354428,93.0022233182319,96.0859968702594,95.3003022362315
16.75,93.7792461688638,93.0016054168761,96.0854378232468,95.2996745225363
16.7559523809524,93.7787016139337,93.0009943379667,96.0848849099293,95.2990528799522
16.7619047619048,93.7781620706526,93.0003896253679,96.084337732037,95.2984373084793
16.7678571428571,93.7776275390205,92.9997912790797,96.0837953559707,95.2978278081175
16.7738095238095,93.7770993865953,92.9991992449231,96.0832577817303,95.2972243788668
16.7797619047619,93.7765767060706,92.9986129550378,96.082725009316,95.2966270207273
16.7857142857143,93.7760587574496,92.9980334965269,96.0821970387275,95.296036087811
16.7916666666667,93.7755455407322,92.9974609740717,96.0816738699651,95.295453529142
16.797619047619,93.7750370559184,92.9968949257264,96.0811566915991,95.2948767124571
16.8035714285714,93.7745333030082,92.9963349988695,96.0806447287345,95.2943056377565
16.8095238095238,93.7740342820017,92.9957808909431,96.0801373164961,95.2937403050399
16.8154761904762,93.7735415222712,92.9952333573465,96.079634454884,95.2931807143076
16.8214285714286,93.7730537160324,92.994691572191,96.0791361438983,95.2926268655594
16.827380952381,93.7725704162451,92.9941561444419,96.0786423835387,95.2920793739285
16.8333333333333,93.7720916229094,92.9936272578898,96.0781531738055,95.2915394795389
16.8392857142857,93.7716173360254,92.9931045650866,96.0776697683055,95.2910050361476
16.8452380952381,93.7711475555929,92.9925882229483,96.0771911076485,95.2904760437545
16.8511904761905,93.7706822816121,92.9920784772751,96.0767167837622,95.2899525023596
16.8571428571429,93.7702231631567,92.9915743927714,96.0762467966467,95.289434411963
16.8630952380952,93.7697685496027,92.9910759694372,96.0757811463019,95.2889217725645
16.8690476190476,93.7693182331848,92.9905832072726,96.0753198327279,95.2884154680044
16.875,93.768872213903,92.9900969055683,96.0748628559246,95.2879161389809
16.8809523809524,93.7684304917572,92.9896162830049,96.0744116589726,95.2874219635983
16.8869047619048,93.7679930667475,92.9891410843682,96.0739647798537,95.2869329418565
16.8928571428571,93.7675599388738,92.9886713096579,96.0735220026627,95.2864490737555
16.8988095238095,93.7671327885606,92.9882072377178,96.0730833273995,95.2859703592954
16.9047619047619,93.7667097544418,92.9877492847334,96.0726487540642,95.2854967984761
16.9107142857143,93.7662908364141,92.9872966097198,96.0722182826568,95.2850295501342
16.9166666666667,93.7658760344774,92.986849212677,96.0717919131773,95.2845686766055
16.922619047619,93.7654653486317,92.9864070936049,96.0713711563313,95.2841126825643
16.9285714285714,93.7650587788769,92.9859710336597,96.0709543430372,95.2836615680106
16.9345238095238,93.764656510399,92.9855401341915,96.0705414503693,95.2832153329444
16.9404761904762,93.764259752978,92.98511434786,96.0701324783279,95.2827739773657
16.9464285714286,93.7638669240698,92.9846936746654,96.0697274269127,95.2823375012745
16.952380952381,93.7634780236746,92.9842777100827,96.069326296124,95.2819072190215
16.9583333333333,93.7630930517921,92.9838668981756,96.0689290034198,95.2814827005386
16.9642857142857,93.7627120084225,92.9834611904025,96.0685350337648,95.2810628490947
16.9702380952381,93.7623348935657,92.9830604638004,96.068145322289,95.28064766469
16.9761904761905,93.7619618347165,92.9826649415935,96.0677598689924,95.2802371473244
16.9821428571429,93.7615931745789,92.9822742776742,96.0673787105929,95.2798312969978
16.9880952380952,93.7612284680675,92.9818887735346,96.0670018387738,95.2794301137104
16.9940476190476,93.7608677151825,92.9815080639691,96.0666288586431,95.2790337440918
17,93.7605109159239,92.9811326015456,96.0662597702009,95.2786423653332
17,93.7605109159239,92.9811326015456,96.0662597702009,95.2786423653332
17.0059523809524,93.7601027622861,92.9806873373555,96.065840422187,95.2781826671105
17.0119047619048,93.7595939087456,92.9801106325938,96.0653210014053,95.2775918246833
17.0178571428571,93.7589954529419,92.9794097406783,96.0647166304948,95.2768815512411
17.0238095238095,93.7583144220082,92.9785965799595,96.0640288685353,95.2760637782252
17.0297619047619,93.7575618632842,92.9776948825193,96.0632691308056,95.2751573983456
17.0357142857143,93.7567391315253,92.9767019553372,96.0624423038107,95.2741595573221
17.0416666666667,93.755855285091,92.9756330959562,96.0615532732581,95.2730885727495
17.047619047619,93.7549130536571,92.9745010144202,96.0606107878454,95.2719540891786
17.0535714285714,93.7539297638183,92.9733028707632,96.0596262936916,95.270753016571
17.0595238095238,93.7529054155747,92.9720521069522,96.0585997907965,95.2695007371254
17.0654761904762,93.7518377019792,92.9707598408437,96.0575282198311,95.2682067260911
17.0714285714286,93.7507344007293,92.9694260724378,96.0564248381643,95.2668709834683
17.077380952381,93.7496067434837,92.9680490290463,96.0552961580713,95.2654917500093
17.0833333333333,93.7484547302424,92.9666478968034,96.0541421795523,95.2640883246942
17.0892857142857,93.7472781321516,92.9652232022802,96.0529610099843,95.262661154681
17.0952380952381,93.7460756981797,92.9637749454768,96.0517575836917,95.2612102399696
17.1011904761905,93.7448620401954,92.962308007792,96.0505422936277,95.2597334407026
17.1071428571429,93.7436371581986,92.9608291598501,96.0493151397922,95.258246306609
17.1130952380952,93.7424010521895,92.9593384290219,96.0480761221853,95.2567496488555
17.1190476190476,93.7411535053913,92.9578358153072,96.0468242730834,95.2552434674422
17.125,93.7398940415848,92.9563198634646,96.0455618744703,95.2537275462012
17.1309523809524,93.7386330188785,92.9547961509434,96.044297517664,95.2522053901755
17.1369047619048,93.7373704372723,92.953274247909,96.0430312026644,95.2506828396855
17.1428571428571,93.7361062967664,92.9517541543614,96.0417629294715,95.2491598947312
17.1488095238095,93.7348405973605,92.9502358703005,96.0404926980854,95.2476365553125
17.1547619047619,93.7335730810515,92.9487193957264,96.0392200347364,95.2461128214295
17.1607142857143,93.7323057088903,92.947204730639,96.0379480478989,95.2445890329276
17.1666666666667,93.7310430660976,92.9456925022213,96.0366805590589,95.2430703289775
17.172619047619,93.7297851526733,92.9441873025426,96.0354175682165,95.2415581787139
17.1785714285714,93.7285319686175,92.9426900108909,96.0341590753717,95.2400525821367
17.1845238095238,93.7272835139301,92.9412006272664,96.0329050805246,95.2385535392459
17.1904761904762,93.7260397886112,92.9397191516689,96.031655583675,95.2370636249906
17.1964285714286,93.7248013579769,92.9382455840984,96.0304112849637,95.2355837215869
17.202380952381,93.7235710776806,92.936779924555,96.0291748980911,95.2341135959374
17.2083333333333,93.7223487744709,92.9353251625497,96.0279464760022,95.2326532480422
17.2142857142857,93.7211344483479,92.9338819482781,96.026726018697,95.2312026779012
17.2202380952381,93.7199280993116,92.9324494493855,96.0255135261754,95.2297618855144
17.2261904761905,93.718729727362,92.9310276658719,96.0243089984376,95.2283313343373
17.2321428571429,93.7175393324991,92.9296165977371,96.0231124354834,95.2269154465846
17.2380952380952,93.7163582500997,92.9282162449814,96.0219230709498,95.225511054838
17.2440476190476,93.7151880603137,92.9268266076045,96.0207427899845,95.2241181590976
17.25,93.7140273404442,92.9254521718764,96.0195727727851,95.2227367593633
17.2559523809524,93.712876090491,92.9240903375487,96.0184130193514,95.2213668556352
17.2619047619048,93.7117343104544,92.9227401763561,96.017262076988,95.2200084479132
17.2678571428571,93.7106020003342,92.9214016882986,96.0161214268498,95.2186627774163
17.2738095238095,93.7094791601304,92.9200748733762,96.0149915816791,95.217333142087
17.2797619047619,93.7083648957165,92.918759731589,96.0138725414759,95.2160154159934
17.2857142857143,93.7072604461004,92.9174562629369,96.012764801491,95.2147095991353
17.2916666666667,93.7061669593788,92.916169846649,96.0116674119547,95.2134156915129
17.297619047619,93.7050844355517,92.9148955771228,96.0105803637204,95.2121336931262
17.3035714285714,93.7040134811284,92.9136330267639,96.0095060738365,95.2108636039751
17.3095238095238,93.7029530872468,92.9123821955723,96.008442530214,95.2096073410069
17.3154761904762,93.7019029024871,92.9111430835479,96.0073887923775,95.208366674193
17.3214285714286,93.7008629268494,92.9099156906908,96.0063448603268,95.2071376823507
17.327380952381,93.6998362492886,92.9087002172865,96.0053107340622,95.2059203654799
17.3333333333333,93.6988194790454,92.9075020003753,96.0042864135834,95.2047147235806
17.3392857142857,93.6978122311806,92.9063150929017,96.0032722651203,95.2035207566528
17.3452380952381,93.6968145056943,92.9051394948658,96.0022712551555,95.2023384646966
17.3511904761905,93.6958263025865,92.9039752062674,96.0012796418777,95.2011702996211
17.3571428571429,93.6948476218571,92.9028222271066,96.0002974252869,95.2000165212722
17.3630952380952,93.693879320675,92.9016805573835,95.9993246053831,95.198873874517
17.3690476190476,93.6929233628476,92.9005510299824,95.9983611821664,95.1977423593555
17.375,93.691976421465,92.8994374391337,95.9974071556366,95.1966219757877
17.3809523809524,93.6910384965272,92.8983345628607,95.9964633294391,95.1955127238136
17.3869047619048,93.6901095880343,92.8972424011633,95.9955314871036,95.1944146034332
17.3928571428571,93.6891896959863,92.8961609540416,95.9946085261835,95.1933265761081
17.3988095238095,93.6882788203832,92.8950902214956,95.9936944466788,95.192249674682
17.4047619047619,93.6873782088446,92.8940302035253,95.9927892485894,95.1911849954778
17.4107142857143,93.686488725072,92.8929822684,95.9918929319155,95.1901325033292
17.4166666666667,93.6856077207725,92.8919487349046,95.9910054966569,95.1890904316798
17.422619047619,93.6847351959463,92.8909252761026,95.9901280706759,95.1880601554402
17.4285714285714,93.6838711505931,92.8899118919939,95.9892614735978,95.1870417353462
17.4345238095238,93.6830155847132,92.8889085825785,95.9884031551987,95.1860343391504
17.4404761904762,93.6821684983065,92.8879153478564,95.9875531154785,95.1850412478509
17.4464285714286,93.6813292060376,92.8869321878277,95.9867113544373,95.1840586057057
17.452380952381,93.6804980172091,92.8859609396536,95.9858778720752,95.1830856599495
17.4583333333333,93.6796759635596,92.885002590869,95.985052668392,95.1821224105822
17.4642857142857,93.6788630450893,92.8840536868725,95.9842371214409,95.181168857604
17.4702380952381,93.6780596276086,92.8831142276641,95.9834312400858,95.1802250010147
17.4761904761905,93.6772644286474,92.8821842132438,95.9826330461559,95.1792903572262
17.4821428571429,93.6764774187298,92.8812636436117,95.981842539651,95.1783646950585
17.4880952380952,93.6756999524922,92.8803525187676,95.9810597205712,95.1774496238813
17.4940476190476,93.6749315105459,92.8794533054915,95.9802845889165,95.1765451436948
17.5,93.6741704410637,92.8785652739025,95.9795171446868,95.1756517072962
17.5059523809524,93.6734167440456,92.8776861121041,95.9787566032139,95.1747678186493
17.5119047619048,93.6726704194916,92.8768158200965,95.9780034620115,95.173893403891
17.5178571428571,93.6719314674017,92.8759543978794,95.9772585051824,95.1730306513271
17.5238095238095,93.6711998877759,92.8751018454531,95.9765218429374,95.1721781043816
17.5297619047619,93.6704780236096,92.8742581628174,95.9757934144474,95.171333997672
17.5357142857143,93.6697635292009,92.8734223468002,95.9750723737056,95.1704983311985
17.5416666666667,93.6690558723839,92.8725955978383,95.9743587207119,95.1696711049611
17.547619047619,93.6683550531585,92.8717786232411,95.9736536700776,95.1688523189596
17.5535714285714,93.6676610715247,92.8709716437758,95.9729557602446,95.1680419731942
17.5595238095238,93.6669739274827,92.8701744432431,95.9722646541542,95.1672436819107
17.5654761904762,93.6662936210322,92.8693859781834,95.9715803518065,95.1664535466298
17.5714285714286,93.6656227254628,92.8686062485969,95.9709028532013,95.1656712949851
17.577380952381,93.6649583476158,92.86783824042,95.9702332866975,95.1648969269764
17.5833333333333,93.6643003496742,92.867078582823,95.9695715109404,95.1641304426037
17.5892857142857,93.663648731638,92.8663267110495,95.9689159652273,95.1633718418672
17.5952380952381,93.6630034935072,92.8655826250993,95.9682666495581,95.1626213558282
17.6011904761905,93.6623646352818,92.8648463249725,95.9676235639329,95.1618821486167
17.6071428571429,93.6617320701887,92.8641178106691,95.9669867083517,95.1611503552909
17.6130952380952,93.6611048504798,92.8633978841268,95.9663560828144,95.1604259758508
17.6190476190476,93.6604845103907,92.8626885269666,95.9657332898884,95.1597090102965
17.625,93.6598710499213,92.8619864955443,95.9651172183983,95.1589994586278
17.6309523809524,93.6592647322618,92.8612917898598,95.9645069683717,95.1582973208447
17.6369047619048,93.6586648459845,92.8606044099132,95.9639025398088,95.1576024202356
17.6428571428571,93.658071189646,92.8599243557045,95.9633039327095,95.156914547194
17.6488095238095,93.6574845471762,92.8592516272337,95.9627111470738,95.1562348961618
17.6547619047619,93.6569051424849,92.8585874639776,95.9621241829017,95.1555636011339
17.6607142857143,93.6563313820224,92.8579328131298,95.9615424673889,95.15490003831
17.6666666666667,93.6557632657888,92.8572850793134,95.9609668135802,95.1542442222589
17.672619047619,93.655200793784,92.8566442625284,95.9603974850067,95.153597047346
17.6785714285714,93.6546439660081,92.8560103627748,95.9598343811558,95.1529569037833
17.6845238095238,93.6540927824611,92.8553833800525,95.959277075168,95.1523237915709
17.6904761904762,93.653548846491,92.8547633143616,95.9587265740617,95.1516977107087
17.6964285714286,93.6530109085948,92.8541516551309,95.9581822710561,95.1510792155418
17.702380952381,93.6524782676471,92.8535485359279,95.957643220461,95.1504683269357
17.7083333333333,93.6519509236478,92.8529519915627,95.9571094222763,95.1498641372195
17.7142857142857,93.6514288765972,92.8523620220352,95.956580876502,95.1492666463931
17.7202380952381,93.650912126495,92.8517786273454,95.9560575831382,95.1486758544565
17.7261904761905,93.6504006733414,92.8512018074933,95.9555395421849,95.1480936919776
17.7321428571429,93.6498963271216,92.850631562479,95.9550261327233,95.1475186302242
17.7380952380952,93.6493973564505,92.8500696484304,95.9545183191332,95.1469496851273
17.7440476190476,93.6489033886474,92.8495154663945,95.9540162172927,95.146386856687
17.75,93.6484144237123,92.8489675012403,95.9535195657787,95.1458301449031
17.7559523809524,93.6479304616453,92.848425752968,95.9530281439155,95.1452795497758
17.7619047619048,93.6474515024463,92.8478902215774,95.9525433664358,95.144735071305
17.7678571428571,93.6469775461153,92.8473609070686,95.9520635493838,95.1441993225723
17.7738095238095,93.6465105440607,92.8468378094416,95.9515884816182,95.143669580819
17.7797619047619,93.6460483953065,92.8463229419432,95.9511181631391,95.1431456661435
17.7857142857143,93.6455909868592,92.8458150659943,95.9506525939463,95.1426275785458
17.7916666666667,93.6451383187186,92.8453130760257,95.9501917740401,95.1421153180259
17.797619047619,93.6446903908849,92.8448169720375,95.949736225423,95.1416088845838
17.8035714285714,93.644247203358,92.8443267540297,95.9492865667636,95.1411083443344
17.8095238095238,93.6438087124833,92.8438424220023,95.948841399768,95.1406148211304
17.8154761904762,93.6433744642855,92.8433639759552,95.9484007244362,95.1401271609178
17.8214285714286,93.6429453932637,92.842893740247,95.9479645407682,95.1396453636967
17.827380952381,93.6425215764559,92.8424298084387,95.9475328487639,95.139169429467
17.8333333333333,93.6421027187198,92.8419714346462,95.9471056484234,95.1386999849303
17.8392857142857,93.6416886482762,92.8415186188696,95.9466836644695,95.1382366013293
17.8452380952381,93.6412787549301,92.8410713611087,95.9462670433483,95.137778831235
17.8511904761905,93.6408738349825,92.8406296613636,95.9458546881519,95.1373266746473
17.8571428571429,93.6404739529822,92.8401935196343,95.9454465988804,95.136880535025
17.8630952380952,93.640078825623,92.8397640088167,95.9450427755337,95.136441733188
17.8690476190476,93.6396884554321,92.8393403123159,95.9446432181119,95.1360080924114
17.875,93.6393034173415,92.8389222871384,95.9442479266149,95.1355796126952
17.8809523809524,93.638922729276,92.8385099332842,95.9438577329235,95.1351562940395
17.8869047619048,93.6385463912355,92.8381037907162,95.9434724169177,95.1347381364441
17.8928571428571,93.6381744032201,92.8377036759475,95.9430911818052,95.1343251399092
17.8988095238095,93.6378069608074,92.8373089779095,95.942714027586,95.1339170061464
17.9047619047619,93.6374443913249,92.8369196966022,95.94234095426,95.1335140597409
17.9107142857143,93.637086005968,92.8365359503464,95.9419719618274,95.1331168702725
17.9166666666667,93.6367318047367,92.8361584006681,95.9416070502881,95.1327253021218
17.922619047619,93.636381787631,92.8357860515234,95.941247206277,95.1323391087241
17.9285714285714,93.6360364982377,92.8354189029124,95.9408918453358,95.1319600610291
17.9345238095238,93.6356962018658,92.8350569548351,95.940540363109,95.1315857961373
17.9404761904762,93.6353598108787,92.8346998312581,95.9401927595967,95.1312163140487
17.9464285714286,93.6350273252764,92.8343478962767,95.9398490347988,95.1308516147631
17.952380952381,93.6346987450589,92.8340015689168,95.9395091887153,95.1304916982807
17.9583333333333,93.6343740702262,92.8336606319254,95.9391732213463,95.1301365646014
17.9642857142857,93.6340533007783,92.8333252209237,95.9388421883619,95.1297870938698
17.9702380952381,93.6337370376661,92.8329962368075,95.938515258806,95.1294433343066
17.9761904761905,93.6334250327032,92.8326719232204,95.9381920435173,95.1291041657966
17.9821428571429,93.6331168645151,92.8323522801623,95.9378725424957,95.1287695883396
17.9880952380952,93.6328125331018,92.8320373076333,95.9375567557414,95.1284396019358
17.9940476190476,93.6325120384633,92.8317270056333,95.9372446832541,95.1281142065851
18,93.6322153805996,92.8314213741624,95.936936325034,95.1277934022874
18,93.6322153805996,92.8314213741624,95.936936325034,95.1277934022874
18.0059523809524,93.6318668892776,92.8310453909185,95.9365773359807,95.1274043372786
18.0119047619048,93.6314154914173,92.8305356253396,95.9361176528673,95.1268833625324
18.0178571428571,93.6308766346092,92.8299050815323,95.9355723470721,95.1262443700913
18.0238095238095,93.630252227507,92.8291656945358,95.9349440680378,95.1254997716753
18.0297619047619,93.6295555600731,92.8283276378852,95.9342441396821,95.1246602527021
18.0357142857143,93.6287908263406,92.8274033600827,95.933477019681,95.1237293729191
18.0416666666667,93.6279655479717,92.8264082954509,95.9326499297679,95.1227278913345
18.047619047619,93.6270881231557,92.8253397554573,95.9317700416129,95.1216627976225
18.0535714285714,93.6261651410667,92.8242108260057,95.9308412601127,95.1205311790741
18.0595238095238,93.625195945653,92.8230340715402,95.9298701209116,95.1193476440823
18.0654761904762,93.6241858118929,92.8218088227307,95.9288643532293,95.118122416917
18.0714285714286,93.6231435690231,92.8205365281024,95.9278261095486,95.1168554975783
18.077380952381,93.6220652504165,92.8192354665385,95.9267552550529,95.1155450474565
18.0833333333333,93.6209650332551,92.8179056380391,95.9256540021794,95.1142103219216
18.0892857142857,93.6198463758286,92.8165450695589,95.924532747231,95.1128518551976
18.0952380952381,93.618709278137,92.8151602055485,95.9233916109901,95.1114696472845
18.1011904761905,93.6175537401804,92.8137619188241,95.9222273262106,95.1100615091046
18.1071428571429,93.6163778700094,92.8123502093858,95.9210544348509,95.1086429566196
18.1130952380952,93.6151953653391,92.8109250772335,95.9198729490416,95.1072148860915
18.1190476190476,93.614006252385,92.809488919142,95.9186828687829,95.1057772975203
18.125,93.6128105311471,92.8080486098002,95.9174841940747,95.1043298880149
18.1309523809524,93.6116082016254,92.8066045353095,95.9162768288759,95.1028752524693
18.1369047619048,93.6103996034298,92.8051566956699,95.9150665533787,95.1014205907514
18.1428571428571,93.6091899219684,92.8037050908812,95.9138551919225,95.0999659028615
18.1488095238095,93.607980216891,92.8022496044956,95.9126427445072,95.0985111887994
18.1547619047619,93.6067704881976,92.8007970338914,95.9114292111328,95.0970564485651
18.1607142857143,93.6055607358881,92.799349808512,95.9102147216095,95.0956018916302
18.1666666666667,93.6043519942655,92.7979079283574,95.9090035658886,95.0941523380353
18.172619047619,93.6031480693324,92.7964713934275,95.9077967589824,95.0927093352149
18.1785714285714,93.6019490930954,92.7950402037224,95.9065943008911,95.091272883169
18.1845238095238,93.6007550655544,92.7936163271999,95.9053961916145,95.0898429818975
18.1904761904762,93.5995661852243,92.7922020845653,95.9042033080166,95.0884213797121
18.1964285714286,93.5983847752774,92.790797196199,95.9030179075027,95.087010002575
18.202380952381,93.5972111280892,92.789401662101,95.9018400833836,95.0856084123009
18.2083333333333,93.5960452436597,92.7880154822712,95.9006698356594,95.0842166088897
18.2142857142857,93.594887121989,92.7866386567096,95.89950716433,95.0828345923415
18.2202380952381,93.5937367630771,92.7852711854162,95.8983520693953,95.0814623626562
18.2261904761905,93.5925941669238,92.7839173451528,95.8972045508555,95.0800999198339
18.2321428571429,93.5914607205229,92.7825753300565,95.8960676217063,95.0787516189204
18.2380952380952,93.5903379046762,92.7812445938213,95.8949402295053,95.0774153166037
18.2440476190476,93.5892244227345,92.7799251364472,95.8938221171082,95.0760905151353
18.25,93.5881202746978,92.7786169579342,95.8927132845152,95.0747772145151
18.2559523809524,93.5870254605662,92.7773200582822,95.8916137317262,95.0734754147431
18.2619047619048,93.5859399803396,92.7760344374914,95.8905234587412,95.0721851158193
18.2678571428571,93.5848638340181,92.7747656891468,95.8894425247153,95.0709063177437
18.2738095238095,93.5837992054329,92.7735088121818,95.8883747992133,95.0696447164941
18.2797619047619,93.582745950187,92.7722636789237,95.8873168798151,95.0683949912317
18.2857142857143,93.5817024768848,92.7710302893725,95.8862687665206,95.0671571163066
18.2916666666667,93.5806687855265,92.7698086435281,95.8852304593298,95.0659310917188
18.297619047619,93.5796448761118,92.7685987413906,95.8842019582428,95.0647169174682
18.3035714285714,93.578630748641,92.7674010764211,95.8831832632595,95.0635145935548
18.3095238095238,93.5776264031139,92.766220439977,95.882174851938,95.0623247359459
18.3154761904762,93.576630732808,92.7650513690706,95.8811795809215,95.0611518742392
18.3214285714286,93.5756452690864,92.7638938637017,95.8801940627159,95.0599906059374
18.327380952381,93.5746707354425,92.7627479238703,95.8792182973213,95.0588409310404
18.3333333333333,93.5737071318763,92.7616135495765,95.8782522847377,95.0577028495484
18.3392857142857,93.5727550812165,92.7604907408203,95.8772960249649,95.0565763614613
18.3452380952381,93.5718130787779,92.7593806577338,95.8763495180032,95.055461466779
18.3511904761905,93.5708810461468,92.75828659322,95.8754136622068,95.0543593641321
18.3571428571429,93.5699596705295,92.7572035697668,95.8744902506018,95.0532729737068
18.3630952380952,93.5690506980642,92.7561315873742,95.8735761349359,95.0521976595156
18.3690476190476,93.5681508550451,92.755070646042,95.8726713152091,95.0511334215586
18.375,93.5672601414722,92.7540207457705,95.8717757914215,95.0500802598358
18.3809523809524,93.5663785573455,92.7529818865594,95.870889563573,95.049038174347
18.3869047619048,93.5655061026651,92.751955786778,95.8700126316636,95.0480071650924
18.3928571428571,93.5646427774308,92.7509442128365,95.8691462616743,95.0469890754126
18.3988095238095,93.5637905009823,92.7499430776289,95.8682912360872,95.0459850869948
18.4047619047619,93.5629487351753,92.7489523811552,95.8674449159153,95.0449915167652
18.4107142857143,93.5621155025677,92.7479721234154,95.8666073011585,95.0440083647237
18.4166666666667,93.5612908031594,92.7470023044095,95.8657783918169,95.0430356308704
18.422619047619,93.5604746369504,92.7460429241375,95.8649581878904,95.0420733152053
18.4285714285714,93.5596670039407,92.7450961907207,95.864146689379,95.0411214177283
18.4345238095238,93.5588679041303,92.7441625164179,95.8633454443184,95.0401791248741
18.4404761904762,93.5580794979941,92.7432386263657,95.862554351723,95.0392470444351
18.4464285714286,93.5573004367522,92.7423245205639,95.861771361802,95.0383264134317
18.452380952381,93.5565293632995,92.7414201990126,95.8609964745553,95.0374172971642
18.4583333333333,93.5557662776362,92.7405256617118,95.860229689983,95.0365199949257
18.4642857142857,93.555011179762,92.7396409086615,95.859471008085,95.0356328904761
18.4702380952381,93.5542640696771,92.7387684861694,95.8587204288613,95.0347559838156
18.4761904761905,93.5535249473815,92.7379076962471,95.8579797086658,95.0338919335426
18.4821428571429,93.5527927759206,92.7370560849698,95.8572480228351,95.0330385062126
18.4880952380952,93.5520687617239,92.7362136523375,95.8565238433402,95.032194141095
18.4940476190476,93.5513533369861,92.7353803983502,95.8558071701811,95.0313588381898
18.5,93.5506466945158,92.7345563230078,95.8550980033576,95.030532597497
18.5059523809524,93.5499485219829,92.7337414263105,95.8543963428699,95.0297154190165
18.5119047619048,93.5492580523213,92.7329346932582,95.8537021887179,95.0289072855348
18.5178571428571,93.5485752855312,92.7321373273021,95.8530174385668,95.0281067812098
18.5238095238095,93.5479024702938,92.7313500853539,95.8523406938542,95.0273161609879
18.5297619047619,93.5472370142764,92.7305731586629,95.8516709199258,95.026535424869
18.5357142857143,93.5465784605222,92.7298064356997,95.8510081167817,95.0257649983672
18.5416666666667,93.5459268090312,92.7290487511584,95.8503522844219,95.0250038191081
18.547619047619,93.5452820598034,92.728300105039,95.8497034228464,95.0242514943563
18.5535714285714,93.5446442128388,92.7275592282823,95.8490615320552,95.0235092028227
18.5595238095238,93.5440130836972,92.7268273332848,95.8484286224323,95.0227777202519
18.5654761904762,93.5433884051183,92.7261048191898,95.8478028215843,95.0220541243383
18.5714285714286,93.542771184461,92.725392004912,95.8471835005085,95.021338415082
18.577380952381,93.5421612195523,92.7246883027664,95.8465706592049,95.0206305924829
18.5833333333333,93.5415590398797,92.7239930207394,95.8459642976735,95.0199306565411
18.5892857142857,93.5409649036494,92.7233064694394,95.8453644159143,95.0192386072566
18.5952380952381,93.5403770241417,92.7226311772568,95.8447710139273,95.0185568918282
18.6011904761905,93.5397954013565,92.7219634314239,95.8441830072052,95.0178839174073
18.6071428571429,93.539220035294,92.7213032319409,95.843601746106,95.0172183613683
18.6130952380952,93.538650925954,92.7206505788077,95.8430273955439,95.0165602237114
18.6190476190476,93.5380880733367,92.7200054720243,95.8424601868127,95.0159095044364
18.625,93.537533434961,92.7193679115908,95.841899545677,95.0152662035433
18.6309523809524,93.5369851869332,92.7187395006967,95.8413451792996,95.0146303210323
18.6369047619048,93.5364427605632,92.7181204121372,95.8407974636193,95.0140046344945
18.6428571428571,93.535906155851,92.7175084282102,95.8402566538179,95.0133867194945
18.6488095238095,93.5353753727965,92.7169035489159,95.8397216768764,95.0127757855747
18.6547619047619,93.5348504113998,92.7163057742541,95.8391925327949,95.0121718327351
18.6607142857143,93.5343312716609,92.7157151042248,95.8386692215733,95.0115748609756
18.6666666666667,93.5338200223633,92.7151315388281,95.8381517432116,95.0109848702962
18.672619047619,93.5333144630328,92.7145570494128,95.8376419342728,95.0104018606969
18.6785714285714,93.5328144042639,92.7139909177877,95.8371376531551,95.0098272744425
18.6845238095238,93.5323198460569,92.7134315151437,95.836638733674,95.0092598324709
18.6904761904762,93.5318307884117,92.7128788414807,95.8361451758297,95.0086993746536
18.6964285714286,93.5313472313282,92.7123328967986,95.835656979622,95.0081459009904
18.702380952381,93.5308692482587,92.7117936810976,95.8351741450511,95.0075997506005
18.7083333333333,93.5303988177176,92.7112611943776,95.8346969631523,95.007061438982
18.7142857142857,93.529933567643,92.7107349368368,95.8342267710984,95.0065297606786
18.7202380952381,93.5294734980349,92.7102158277491,95.8337616290101,95.0060047156902
18.7261904761905,93.5290186088934,92.7097043098431,95.8333015368871,95.0054863040168
18.7321428571429,93.5285689002184,92.7092002391348,95.8328464947296,95.0049761123738
18.7380952380952,93.5281243720099,92.7087030879884,95.8323965025375,95.0044732653408
18.7440476190476,93.5276853302225,92.7082147082761,95.8319515603109,95.0039765012996
18.75,93.5272531752073,92.7077334284161,95.8315121836358,95.0034858202501
18.7559523809524,93.5268259154251,92.7072582984156,95.8310791804096,95.0030012221925
18.7619047619048,93.5264035508758,92.7067893182745,95.8306509369744,95.0025227071265
18.7678571428571,93.5259860815594,92.7063264879928,95.8302274533303,95.0020502750523
18.7738095238095,93.525573507476,92.7058698075706,95.8298087294772,95.001586264887
18.7797619047619,93.5251658286254,92.7054195739416,95.8293947654152,95.0011284916281
18.7857142857143,93.5247635730064,92.7049781018262,95.8289855611442,95.0006764779613
18.7916666666667,93.5243676613447,92.7045424342501,95.8285814929718,95.0002302238866
18.797619047619,93.5239763699855,92.7041125712131,95.8281828061832,94.9997897294041
18.8035714285714,93.5235896989287,92.7036885127154,95.8277888193734,94.9993549945138
18.8095238095238,93.5232076481742,92.7032702587569,95.8273995325425,94.9989260192156
18.8154761904762,93.5228302177222,92.7028578093376,95.8270149456906,94.9985053320164
18.8214285714286,93.5224574075726,92.7024518316513,95.8266353439344,94.9980902445713
18.827380952381,93.5220898960907,92.7020537657251,95.8262609384206,94.9976806360071
18.8333333333333,93.5217281107103,92.7016612222438,95.8258909997619,94.9972765063237
18.8392857142857,93.5213707396601,92.7012742012072,95.8255255279584,94.9968778555212
18.8452380952381,93.5210177829403,92.7008927026153,95.8251645230101,94.9964846835996
18.8511904761905,93.5206692405507,92.7005167264682,95.8248077550606,94.9960971662006
18.8571428571429,93.5203251124914,92.7001462727659,95.8244549251335,94.9957174579377
18.8630952380952,93.5199853987624,92.6997822868474,95.8241068283113,94.9953429579845
18.8690476190476,93.5196509266657,92.6994255106978,95.823763464594,94.9949736663409
18.875,93.5193216877661,92.6990739863607,95.8234249159434,94.9946095830069
18.8809523809524,93.5189966536328,92.6987277138362,95.8230912445237,94.9942507079826
18.8869047619048,93.5186758242658,92.6983866931244,95.8227618312169,94.9938970412679
18.8928571428571,93.5183591996652,92.6980509242251,95.8224366760231,94.9935490179732
18.8988095238095,93.5180467798309,92.6977204071384,95.8221158454252,94.9932081267157
18.9047619047619,93.5177385647629,92.6973963432484,95.8217999632031,94.9928721912265
18.9107142857143,93.5174355839918,92.6970788241288,95.8214881576973,94.9925412115058
18.9166666666667,93.5171374071511,92.696766301608,95.8211804289078,94.9922151875534
18.922619047619,93.5168432151861,92.6964587756861,95.8208767768345,94.9918941193694
18.9285714285714,93.5165530080967,92.696156246363,95.8205772709308,94.9915780069538
18.9345238095238,93.5162667858828,92.6958587136388,95.8202824650387,94.9912671231814
18.9404761904762,93.5159845485445,92.6955661775135,95.8199915572378,94.9909619226996
18.9464285714286,93.5157062960818,92.6952792077746,95.8197045475279,94.9906617464495
18.952380952381,93.5154331162657,92.6949977608638,95.8194214359092,94.9903665944311
18.9583333333333,93.5151643031972,92.6947214066882,95.8191423841381,94.9900764751461
18.9642857142857,93.5148993228878,92.6944501452476,95.8188685639316,94.9897920666521
18.9702380952381,93.5146381753377,92.6941836771769,95.81859836032,94.9895124826876
18.9761904761905,93.5143808605468,92.6939219362211,95.8183317733032,94.9892377232528
18.9821428571429,93.514127378515,92.6936655384546,95.8180688028814,94.9889677883477
18.9880952380952,93.5138777292425,92.6934145831217,95.8178094490545,94.9887023040878
18.9940476190476,93.5136320420474,92.6931686161243,95.8175537118225,94.9884417419927
19,93.5133903749628,92.6929276311053,95.8173015911854,94.9881862713708
19,93.5133903749628,92.6929276311053,95.8173015911854,94.9881862713708
19.0059523809524,93.5130969080787,92.6926163673246,95.8169990479756,94.9878627960014
19.0119047619048,93.5127003899985,92.6921703738809,95.816597725016,94.9874039546702
19.0178571428571,93.512216951841,92.6916014974087,95.8161023628065,94.9868337009663
19.0238095238095,93.5116492930308,92.6909305828281,95.8155330498937,94.9861501505605
19.0297619047619,93.5110077425064,92.690155571365,95.8148913656276,94.9853768086496
19.0357142857143,93.5102995088203,92.6892998938498,95.8141757330175,94.984519301361
19.0416666666667,93.509524908276,92.6883689021451,95.8134069856041,94.9835780735409
19.047619047619,93.508703871553,92.6873687718781,95.8125866902349,94.9825765335193
19.0535714285714,93.5078363986513,92.6863070865667,95.8117117860603,94.9815148626902
19.0595238095238,93.5069197428524,92.6851898001641,95.8107953103429,94.9803997471303
19.0654761904762,93.5059649595857,92.6840274928937,95.8098454271868,94.9792356139666
19.0714285714286,93.5049812305092,92.6828264819202,95.8088621365922,94.9780257125063
19.077380952381,93.5039685556229,92.6815947444752,95.807842460522,94.9767820772054
19.0833333333333,93.5029245430266,92.680332213102,95.8067977348336,94.9755131945373
19.0892857142857,93.5018568801849,92.6790388878005,95.8057346391306,94.9742190645019
19.0952380952381,93.5007744392492,92.6777153404597,95.8046531734129,94.9728999557108
19.1011904761905,93.4996772202197,92.6763757831186,95.8035533376807,94.9715639689977
19.1071428571429,93.4985652230963,92.675022543542,95.8024366092994,94.9702148981836
19.1130952380952,93.4974394682542,92.6736540816267,95.8013114085043,94.9688527432688
19.1190476190476,93.4963068740141,92.6722748263646,95.8001781666948,94.967477504253
19.125,93.4951686280317,92.6708927717092,95.7990368838708,94.9660870481333
19.1309523809524,93.494024730307,92.6695079176604,95.7978875600323,94.964692202795
19.1369047619048,93.49287518084,92.6681202642184,95.7967298355819,94.9632984468199
19.1428571428571,93.4917199796306,92.6667298113831,95.7955694618237,94.961905780208
19.1488095238095,93.4905599685232,92.6653376458627,95.7944096108969,94.9605142029594
19.1547619047619,93.489402924736,92.6639492189896,95.7932502828018,94.959123715074
19.1607142857143,93.4882490291399,92.6625645943501,95.7920914775382,94.9577343165519
19.1666666666667,93.4870982817349,92.6611837719442,95.7909330950606,94.9563462692687
19.172619047619,93.4859506825211,92.6598074049486,95.7897789273253,94.9549648357624
19.1785714285714,93.4848062314983,92.6584385388592,95.7886293994538,94.9535904013809
19.1845238095238,93.4836646256858,92.6570775517882,95.787484511446,94.9522229661242
19.1904761904762,93.4825295901113,92.6557244437356,95.7863446929315,94.9508633627814
19.1964285714286,93.4814015086074,92.6543798998335,95.7852118312747,94.9495133109779
19.202380952381,93.4802803811743,92.6530468239705,95.7840861478744,94.9481727947128
19.2083333333333,93.4791668614917,92.6517239801272,95.7829676427309,94.9468418139859
19.2142857142857,93.4780618195193,92.6504113683035,95.7818571278872,94.9455219611024
19.2202380952381,93.476965191896,92.6491089884995,95.7807561882627,94.9442149090273
19.2261904761905,93.4758769786219,92.6478168407152,95.779664053908,94.9429188349692
19.2321428571429,93.474798802165,92.6465349249505,95.7785807248232,94.9416337389283
19.2380952380952,93.4737309821093,92.6452659939306,95.7775062010082,94.9403596209044
19.2440476190476,93.4726724432742,92.6440107277834,95.7764404824631,94.9390964808977
19.25,93.4716231856597,92.6427669120692,95.7753835691877,94.937844318908
19.2559523809524,93.4705832092658,92.6415345467882,95.7743378905639,94.9366070133933
19.2619047619048,93.4695525140924,92.6403136319402,95.7733028879374,94.9353829893899
19.2678571428571,93.4685311001396,92.6391041675253,95.7722775849402,94.9341707309343
19.2738095238095,93.4675223526246,92.6379061535436,95.7712619815724,94.9329702380263
19.2797619047619,93.4665238623086,92.6367233041703,95.7702560778338,94.9317815106661
19.2857142857143,93.465535098074,92.6355541837344,95.7692598737247,94.9306045488536
19.2916666666667,93.4645560599206,92.6343967786193,95.7682733692449,94.9294393525889
19.297619047619,93.4635867478485,92.6332510888249,95.76729973853,94.9282907043377
19.3035714285714,93.4626271618577,92.6321171143512,95.7663366413875,94.9271548091994
19.3095238095238,93.4616773019481,92.6309948551983,95.7653833338363,94.9260306344629
19.3154761904762,93.4607411207451,92.629884311366,95.7644398158766,94.9249181801282
19.3214285714286,93.4598146349277,92.6287899520927,95.7635060875083,94.9238174461953
19.327380952381,93.4588977513539,92.6277084653477,95.7625821487314,94.9227284326643
19.3333333333333,93.4579904700239,92.6266383397528,95.7616679995459,94.9216511395351
19.3392857142857,93.4570927909376,92.6255795753082,95.7607622280563,94.9205907729687
19.3452380952381,93.456204714095,92.6245321720137,95.7598670519738,94.9195420820894
19.3511904761905,93.4553265842044,92.6234961298696,95.7589826372195,94.9185046724869
19.3571428571429,93.4544615657193,92.6224714488756,95.758108352425,94.917478544161
19.3630952380952,93.4536057164901,92.6214629981229,95.7572432928265,94.9164636971118
19.3690476190476,93.4527590365168,92.620466182665,95.7563887361071,94.9154601313393
19.375,93.4519215257994,92.6194801992763,95.7555446822667,94.9144680801016
19.3809523809524,93.4510931843379,92.6185050479568,95.754711381809,94.9134922609722
19.3869047619048,93.4502740121324,92.6175407287065,95.7538878882795,94.9125271013381
19.3928571428571,93.4494647575385,92.6165872415255,95.7530739686486,94.9115726011992
19.3988095238095,93.448667466238,92.6156445864136,95.7522717931254,94.9106287605555
19.4047619047619,93.4478787954208,92.614717970512,95.751479310487,94.9096955794071
19.4107142857143,93.4470987450871,92.6138016902815,95.7506954670799,94.908773057754
19.4166666666667,93.4463273152367,92.6128955912759,95.7499202629042,94.9078608999772
19.422619047619,93.4455645058697,92.6119996734953,95.7491536979597,94.9069583498432
19.4285714285714,93.444810316986,92.6111139369395,95.7483957722466,94.9060675305978
19.4345238095238,93.444065106884,92.6102383816087,95.7476467681615,94.905188442241
19.4404761904762,93.4433293274162,92.6093734431582,95.7469092804879,94.9043215991788
19.4464285714286,93.4426021430282,92.6085232120313,95.7461798021166,94.9034655779113
19.452380952381,93.4418835537199,92.6076825293778,95.7454583330474,94.9026200023022
19.4583333333333,93.4411739928526,92.6068513951979,95.7447448732804,94.9017861650297
19.4642857142857,93.4404732586119,92.6060298094914,95.7440394228156,94.9009651127377
19.4702380952381,93.4397806930631,92.6052177722585,95.7433419816529,94.9001533281721
19.4761904761905,93.4390962962063,92.604415283499,95.7426532331945,94.8993508113328
19.4821428571429,93.4384217870402,92.6036232822934,95.7419747500052,94.8985575622199
19.4880952380952,93.4377560080777,92.6028443609604,95.7413036911588,94.8977735808333
19.4940476190476,93.437097590494,92.6020744051235,95.7406400566552,94.896998867173
19.5,93.4364465342891,92.6013134147828,95.7399838464946,94.8962362018766
19.5059523809524,93.435802839463,92.6005613899383,95.7393350606768,94.8954838623339
19.5119047619048,93.4351665060157,92.59981833059,95.7386936992019,94.8947401690663
19.5178571428571,93.4345375339473,92.5990842367379,95.7380592930696,94.8940051220737
19.5238095238095,93.4339185904858,92.5983604777018,95.7374316419358,94.8932787213562
19.5297619047619,93.4333067999312,92.597648453737,95.7368119349352,94.8925609669137
19.5357142857143,93.4327018486959,92.5969448234553,95.736200172068,94.8918518587462
19.5416666666667,93.4321037367801,92.5962495868568,95.7355966432031,94.8911545828701
19.547619047619,93.4315124641836,92.5955627439414,95.7350002993399,94.8904664208064
19.5535714285714,93.4309280309065,92.5948842947092,95.7344111117573,94.8897863332128
19.5595238095238,93.4303505214483,92.5942142391602,95.7338282451279,94.8891143200893
19.5654761904762,93.4297824601775,92.593554329163,95.7332521385703,94.8884503814358
19.5714285714286,93.4292208032203,92.5929049443019,95.7326833869347,94.8877945172524
19.577380952381,93.4286655505767,92.592263423185,95.7321221397143,94.8871467275391
19.5833333333333,93.4281167022467,92.5916297658123,95.7315681388578,94.8865103444167
19.5892857142857,93.4275742582303,92.5910039721838,95.731020796821,94.8858820530999
19.5952380952381,93.4270382185276,92.5903860422994,95.7304801235417,94.8852613522164
19.6011904761905,93.4265089652753,92.5897759761592,95.7299481483279,94.8846482417662
19.6071428571429,93.425988239541,92.5891758484974,95.7294221894331,94.8840427217494
19.6130952380952,93.4254735041058,92.5885851334018,95.7289022468573,94.8834447921659
19.6190476190476,93.4249647589697,92.5880018192702,95.7283883206005,94.8828544530159
19.625,93.4244620041326,92.5874259061026,95.7278804106628,94.8822751485664
19.6309523809524,93.4239652395945,92.5868573938989,95.7273785170441,94.8817030441275
19.6369047619048,93.4234744653555,92.5862962826593,95.726883499214,94.8811380821604
19.6428571428571,93.4229903109275,92.5857425723837,95.7263957469622,94.8805802626651
19.6488095238095,93.4225138394924,92.5851986452615,95.7259135972754,94.8800295856415
19.6547619047619,93.4220429942531,92.58466315417,95.7254370501538,94.8794860510897
19.6607142857143,93.4215777752097,92.5841346280153,95.7249661055974,94.8789495575773
19.6666666666667,93.4211181823622,92.5836130667975,95.724500763606,94.8784196518651
19.672619047619,93.4206642157106,92.5830984705166,95.7240410241798,94.8778976290855
19.6785714285714,93.4202158752549,92.5825908391725,95.7235879459271,94.8773836228021
19.6845238095238,93.4197740322565,92.5820901727653,95.7231413646938,94.8768770976457
19.6904761904762,93.4193391538041,92.5815991841301,95.7227000565535,94.8763779290665
19.6964285714286,93.418909560567,92.5811157509896,95.722264021506,94.8758885742748
19.702380952381,93.4184852525454,92.5806388692637,95.7218332595515,94.8754056316012
19.7083333333333,93.4180662297391,92.5801685389524,95.72140777069,94.8749291010458
19.7142857142857,93.4176524921482,92.5797047600556,95.7209875549213,94.8744589826085
19.7202380952381,93.4172440397728,92.5792475325735,95.7205737935292,94.8739952762893
19.7261904761905,93.4168418750522,92.5787968565059,95.7201658856739,94.8735379820882
19.7321428571429,93.4164459450779,92.5783555649528,95.7197629615714,94.873088442083
19.7380952380952,93.4160550379632,92.577921020801,95.7193650212219,94.8726467502164
19.7440476190476,93.4156691537079,92.5774927076247,95.7189720646252,94.8722111314281
19.75,93.4152882923121,92.5770706254239,95.7185840917813,94.8717815857181
19.7559523809524,93.4149124537757,92.5766547741986,95.7182011026903,94.8713581130863
19.7619047619048,93.4145416380989,92.5762451539489,95.7178244033285,94.8709407135329
19.7678571428571,93.4141769441295,92.5758417646748,95.7174530147379,94.8705293870578
19.7738095238095,93.4138178885347,92.5754476607218,95.717086333503,94.8701237090697
19.7797619047619,93.4134636054235,92.5750595758333,95.7167243596238,94.8697243150579
19.7857142857143,93.413114094796,92.5746773782529,95.7163670931004,94.8693317172378
19.7916666666667,93.4127693566521,92.5743010679806,95.7160145339327,94.8689457539996
19.797619047619,93.4124293909919,92.5739306450164,95.7156666821207,94.8685660179941
19.8035714285714,93.4120941978153,92.5735661093604,95.7153250543503,94.8681944538649
19.8095238095238,93.4117651577345,92.5732076720981,95.7149882413088,94.8678288271777
19.8154761904762,93.4114412756191,92.5728578190088,95.7146558595203,94.867468763388
19.8214285714286,93.411121869605,92.5725135708238,95.7143279089849,94.8671142624957
19.827380952381,93.4108069396921,92.5721749275434,95.7140043897025,94.866765324501
19.8333333333333,93.4104964858805,92.5718418891675,95.7136853016732,94.8664219494037
19.8392857142857,93.4101905081702,92.571514455696,95.7133706448969,94.8660848902207
19.8452380952381,93.4098890065611,92.571192627129,95.7130619975785,94.8657551793886
19.8511904761905,93.4095915198056,92.5708769079238,95.7127577240059,94.8654307025563
19.8571428571429,93.4092987748176,92.570568984912,95.7124576741635,94.8651114597238
19.8630952380952,93.4090109885555,92.5702663849738,95.7121618480512,94.8647974508911
19.8690476190476,93.4087279954567,92.5699691081093,95.711870245669,94.8644886760582
19.875,93.4084495724318,92.5696771543184,95.711582867017,94.8641851352251
19.8809523809524,93.4081770018356,92.5693905236011,95.711299759044,94.8638865485591
19.8869047619048,93.4079088277826,92.5691092159574,95.7110224662432,94.8635932102855
19.8928571428571,93.4076447885783,92.5688340390791,95.7107491870545,94.8633057508805
19.8988095238095,93.4073848842228,92.5685660144736,95.7104799214776,94.8630240699244
19.9047619047619,93.4071291147159,92.5683030205296,95.7102146695128,94.8627478257824
19.9107142857143,93.4068774800578,92.5680450572471,95.7099534311599,94.8624763678057
19.9166666666667,93.4066304283006,92.5677921246263,95.709696206419,94.8622104754644
19.922619047619,93.4063886574588,92.5675442226669,95.7094432159592,94.8619495989427
19.9285714285714,93.4061508207437,92.5673013513691,95.7091955282308,94.8616940522513
19.9345238095238,93.4059169181551,92.5670645398584,95.7089516738232,94.8614440890044
19.9404761904762,93.405686949693,92.5668341962293,95.7087116527363,94.8611994252743
19.9464285714286,93.4054609153575,92.5666086476984,95.7084754649702,94.8609609517944
19.952380952381,93.4052388151486,92.5663878942658,95.7082431105249,94.8607282160171
19.9583333333333,93.4050213955917,92.5661719359315,95.7080145894003,94.8605000977818
19.9642857142857,93.4048089212975,92.5659607726954,95.7077902073474,94.8602765970884
19.9702380952381,93.4046001621135,92.5657544045575,95.7075705245537,94.8600577139371
19.9761904761905,93.4043951180398,92.5655533813394,95.7073545459811,94.8598434483279
19.9821428571429,93.4041937890763,92.565357733861,95.7071422716297,94.8596338002606
19.9880952380952,93.4039961752231,92.5651669273662,95.7069337014994,94.8594292250261
19.9940476190476,93.4038022764801,92.5649809618549,95.7067288355904,94.8592294462443
20,93.4036120928474,92.5647998373272,95.7065276739024,94.8590344437728
20,93.4036120928474,92.5647998373272,95.7065276739024,94.8590344437728
20.0059523809524,93.4033701428027,92.5645488534142,95.7062757205562,94.8587708996165
20.0119047619048,93.4030272242425,92.5641631822713,95.7059259340261,94.8583731072435
20.0178571428571,93.402593052303,92.5636543152763,95.7054844379399,94.8578619739188
20.0238095238095,93.4020764654183,92.5630427119613,95.7049663262161,94.8572446452341
20.0297619047619,93.4014812563222,92.5623268478337,95.704372084881,94.8565282737601
20.0357142857143,93.4008258964871,92.5615311315615,95.7037129165698,94.8557204294018
20.0416666666667,93.400110385913,92.5606592080962,95.7029922934384,94.8548450243198
20.047619047619,93.3993413941574,92.5597109293343,95.7022193216383,94.8539023921661
20.0535714285714,93.3985235615561,92.5587099530105,95.7013912076702,94.8528987310775
20.0595238095238,93.3976584606326,92.5576563882763,95.7005273125149,94.8518399221866
20.0654761904762,93.3967565309376,92.5565477311651,95.6996283514608,94.8507286796541
20.0714285714286,93.3958142321972,92.5554039848098,95.6986943245078,94.8495804950549
20.077380952381,93.3948463982658,92.5542277047336,95.6977226345724,94.8484017033728
20.0833333333333,93.3938569853327,92.5530192286911,95.6967300963998,94.8471923046079
20.0892857142857,93.392845993398,92.5517864699894,95.6957179958923,94.8459495041417
20.0952380952381,93.3918133305504,92.5505310403626,95.6946863330497,94.8446860516981
20.1011904761905,93.3907623655168,92.549253049622,95.6936331596494,94.8434079286758
20.1071428571429,93.3897009127543,92.5479604894469,95.6925640953104,94.8421151350747
20.1130952380952,93.3886289722628,92.5466556664684,95.6914875096052,94.8408070953984
20.1190476190476,93.3875465440422,92.5453362410235,95.690403402534,94.8394848142729
20.125,93.3864536280927,92.5440143269501,95.6893117740967,94.8381596135522
20.1309523809524,93.3853511163547,92.5426901520191,95.6882126242932,94.8368314932362
20.1369047619048,93.3842470661276,92.5413637162306,95.6871048451173,94.835500453325
20.1428571428571,93.3831418853816,92.5400350195846,95.6859974724858,94.8341664938186
20.1488095238095,93.3820355741169,92.5387036477475,95.6848911305775,94.832829485329
20.1547619047619,93.3809276148107,92.5373754328895,95.6837858193924,94.8314965732743
20.1607142857143,93.3798218164587,92.5360525014698,95.6826815389304,94.830168642859
20.1666666666667,93.3787205147957,92.5347348534885,95.6815782891915,94.8288456940829
20.172619047619,93.3776237098216,92.5334224889455,95.6804757326214,94.827527726946
20.1785714285714,93.3765314015364,92.5321154078409,95.6793773467053,94.8262147414485
20.1845238095238,93.3754435899402,92.5308142075474,95.6782844857374,94.8249060854346
20.1904761904762,93.3743602750329,92.5295224302133,95.6771971497179,94.8236048223643
20.1964285714286,93.3732830131771,92.5282400886948,95.6761155094574,94.8223126474085
20.202380952381,93.3722138165351,92.5269671829918,95.6750411548502,94.8210291322613
20.2083333333333,93.3711525284031,92.5257037131044,95.6739744553583,94.8197547773308
20.2142857142857,93.370099148781,92.5244496790326,95.6729154109815,94.8184912774679
20.2202380952381,93.3690536776688,92.5232050807763,95.6718637596098,94.8172390813928
20.2261904761905,93.3680161150666,92.5219708367028,95.6708192490904,94.8159982168401
20.2321428571429,93.3669864609744,92.5207486687727,95.6697842969379,94.8147680333437
20.2380952380952,93.3659676364079,92.5195380085342,95.6687589031523,94.8135490984795
20.2440476190476,93.3649586930337,92.5183388559874,95.6677424657034,94.8123427191818
20.25,93.3639591055207,92.5171516187983,95.6667347730187,94.8111490885549
20.2559523809524,93.362968873869,92.5159775752547,95.6657374866172,94.8099677511363
20.2619047619048,93.3619879980783,92.5148155413973,95.6647506064987,94.8088024970654
20.2678571428571,93.3610164781489,92.5136655172263,95.663774449382,94.8076496523465
20.2738095238095,93.3600543140807,92.5125275618433,95.6628088621036,94.8065086106763
20.2797619047619,93.3591002384966,92.5114066400371,95.6618534191456,94.8053793720549
20.2857142857143,93.3581569199651,92.5102972868263,95.6609085951574,94.8042619364823
20.2916666666667,93.3572245205336,92.5091995022109,95.6599767285224,94.8031563039586
20.297619047619,93.3563028859713,92.5081132861909,95.6590546145581,94.8020640901215
20.3035714285714,93.3553906950758,92.5070386387663,95.6581422532643,94.8009874988333
20.3095238095238,93.3544894054477,92.505975559937,95.6572396446413,94.7999225722523
20.3154761904762,93.353599166727,92.5049258175549,95.6563467886888,94.7988693103783
20.3214285714286,93.3527193705029,92.5038915102548,95.655463685407,94.7978277132114
20.327380952381,93.3518514638157,92.5028685134922,95.6545922499499,94.7967977807516
20.3333333333333,93.3509952250686,92.5018568272671,95.6537323928941,94.7957795129989
20.3392857142857,93.3501484503964,92.5008564515795,95.6528820161155,94.7947720824664
20.3452380952381,93.349311139799,92.4998673864294,95.6520411196142,94.793776192969
20.3511904761905,93.3484832932763,92.4988896318169,95.6512097033902,94.7927933624088
20.3571428571429,93.3476649108286,92.4979256256421,95.6503877674434,94.7918235907857
20.3630952380952,93.3468559924556,92.4969758568111,95.6495753117739,94.79086758058
20.3690476190476,93.3460597779707,92.4960368956761,95.6487746167776,94.7899234821134
20.375,93.3452730759137,92.4951087422371,95.6479844692114,94.7889910867816
20.3809523809524,93.3444953263831,92.4941913964939,95.647203337024,94.7880718439796
20.3869047619048,93.343726529379,92.4932848584466,95.6464312202154,94.7871669756561
20.3928571428571,93.3429666849012,92.4923891280953,95.6456681187856,94.7862725956262
20.3988095238095,93.3422157929499,92.4915032619172,95.6449140327346,94.7853887038898
20.4047619047619,93.341473853525,92.4906283377739,95.6441689620625,94.784515300447
20.4107142857143,93.3407443908362,92.4897654545176,95.6434354585055,94.7836523852978
20.4166666666667,93.3400233531903,92.4889146121484,95.6427114366622,94.7827999584421
20.422619047619,93.33931070421,92.488076477234,95.6419958271768,94.781956892536
20.4285714285714,93.3386064438953,92.4872490533826,95.6412886300492,94.7811244783545
20.4345238095238,93.3379105722462,92.4864323152069,95.6405898452795,94.7803035600132
20.4404761904762,93.3372230892628,92.4856254422083,95.6398994728676,94.7794942996861
20.4464285714286,93.3365443590584,92.4848284518558,95.6392175128136,94.778696750948
20.452380952381,93.3358769599797,92.4840425745004,95.6385467007464,94.777909472974
20.4583333333333,93.3352173653389,92.483267810142,95.6378843062932,94.7771324657642
20.4642857142857,93.3345655751362,92.4825047753819,95.6372297188352,94.7763684437247
20.4702380952381,93.3339215893714,92.4817517695816,95.6365829383725,94.7756151033326
20.4761904761905,93.3332854080445,92.4810086738345,95.6359439649051,94.7748709118679
20.4821428571429,93.3326570311557,92.4802771067348,95.635312798433,94.7741358693304
20.4880952380952,93.3320371492093,92.4795572665092,95.6346894389561,94.7734099757204
20.4940476190476,93.3314273613525,92.478846288973,95.6340725833528,94.7726932310376
20.5,93.3308248435959,92.4781441741263,95.6334639600706,94.7719856488067
20.5059523809524,93.3302295959394,92.477450921969,95.6328636706642,94.7712885024107
20.5119047619048,93.3296416183831,92.4767665325011,95.6322708284879,94.7706006319113
20.5178571428571,93.329060910927,92.4760910057227,95.6316852941175,94.7699220373085
20.5238095238095,93.328487473571,92.4754275215718,95.6311077834187,94.7692531480818
20.5297619047619,93.3279222545322,92.4747735849073,95.630538345561,94.7685938342436
20.5357142857143,93.3273660317077,92.4741279424964,95.6299768919928,94.7679433776039
20.5416666666667,93.3268165850216,92.4734905943391,95.6294227466608,94.7673017781624
20.547619047619,93.3262739144737,92.4728615404353,95.6288767208779,94.7666719250677
20.5535714285714,93.3257380200641,92.472240780785,95.6283391660252,94.7660506912105
20.5595238095238,93.3252089017929,92.4716283153884,95.6278081603364,94.7654373887874
20.5654761904762,93.3246865596599,92.4710276665638,95.6272837038111,94.7648320177986
20.5714285714286,93.324172170027,92.4704354641638,95.6267657964497,94.764234578244
20.577380952381,93.3236658164476,92.4698510910233,95.6262544382519,94.7636450701236
20.5833333333333,93.3231657812836,92.4692745471424,95.6257496292179,94.7630632323504
20.5892857142857,93.3226720645351,92.4687058325211,95.6252504565401,94.762488450906
20.5952380952381,93.3221846662021,92.4681449471593,95.6247578329575,94.7619224250342
20.6011904761905,93.3217035862846,92.4675918910571,95.6242721834411,94.7613651547349
20.6071428571429,93.3212288247826,92.4670502942567,95.623792912726,94.760814975269
20.6130952380952,93.3207596900889,92.4665162274046,95.6233195681836,94.7602732026888
20.6190476190476,93.320296635725,92.4659895665297,95.6228529600575,94.7597399316306
20.625,93.3198403691361,92.4654703116318,95.6223931194012,94.7592153266306
20.6309523809524,93.3193909825896,92.4649584627112,95.6219400203602,94.7586986493335
20.6369047619048,93.3189484997509,92.4644540197676,95.6214931033752,94.7581901385267
20.6428571428571,93.3185121654838,92.4639572762864,95.6210532265561,94.7576916597835
20.6488095238095,93.3180819797883,92.4634712730619,95.6206202922659,94.7572001032569
20.6547619047619,93.3176590208618,92.4629922238919,95.620192939571,94.7567154689467
20.6607142857143,93.317242131335,92.4625201287763,95.6197711684714,94.7562377568529
20.6666666666667,93.3168309659328,92.4620549877153,95.6193549789671,94.7557669669756
20.672619047619,93.3164255246551,92.4615968007088,95.6189443710582,94.7553030993148
20.6785714285714,93.316025807502,92.4611455677568,95.6185393447446,94.75484792487
20.6845238095238,93.3156323275763,92.4607010136077,95.6181415619827,94.754400894866
20.6904761904762,93.3152451400779,92.4602626610294,95.6177494056384,94.7539603529133
20.6964285714286,93.3148633612847,92.4598320474481,95.6173624856211,94.7535262990119
20.702380952381,93.3144869911967,92.4594091728639,95.6169808019307,94.7530987331619
20.7083333333333,93.314116029814,92.4589943782423,95.6166043545674,94.7526776553632
20.7142857142857,93.3137506389083,92.4585865900325,95.6162331435311,94.7522630656158
20.7202380952381,93.3133924427231,92.4581857962098,95.6158671688218,94.7518571063656
20.7261904761905,93.3130392602245,92.4577942899583,95.615508261332,94.7514584198082
20.7321428571429,93.3126910914124,92.4574097274565,95.6151543854694,94.7510658614232
20.7380952380952,93.3123479362868,92.4570313856862,95.6148054402136,94.7506794312109
20.7440476190476,93.3120097948477,92.4566592646473,95.6144614255646,94.750299129171
20.75,93.3116766670951,92.4562933643399,95.6141223415225,94.7499249553037
20.7559523809524,93.3113491463263,92.455933684764,95.6137881880872,94.749556909609
20.7619047619048,93.3110279173574,92.4555806794071,95.6134590811862,94.7491973991734
20.7678571428571,93.3107114588676,92.4552363811517,95.6131365500387,94.7488444273263
20.7738095238095,93.3103997708571,92.4548980044895,95.6128186886392,94.7484972520533
20.7797619047619,93.3100928533256,92.4545655494205,95.6125054969875,94.7481558733543
20.7857142857143,93.3097907062734,92.4542390159448,95.6121969750836,94.7478202912293
20.7916666666667,93.3094933297003,92.4539184040623,95.6118931229277,94.7474905056784
20.797619047619,93.3092004352041,92.4536037137729,95.6115939405196,94.7471665167016
20.8035714285714,93.3089121956268,92.4532947229168,95.6112997360487,94.7468478030488
20.8095238095238,93.3086291510201,92.4529915006043,95.6110116052647,94.7465354812579
20.8154761904762,93.3083513778652,92.4526948983712,95.6107278809122,94.7462297397273
20.8214285714286,93.3080784576919,92.4524040390949,95.6104485629913,94.7459301844545
20.827380952381,93.3078109108078,92.4521195725416,95.610173651502,94.7456364460009
20.8333333333333,93.3075489442791,92.4518416724036,95.6099031464443,94.7453482201063
20.8392857142857,93.3072913701945,92.4515699701218,95.6096370478181,94.7450662198215
20.8452380952381,93.3070381885539,92.4513050414053,95.6093758591822,94.7447904904982
20.8511904761905,93.3067893993573,92.4510475103187,95.6091202616779,94.7445205464375
20.8571428571429,93.3065450026048,92.4507952890136,95.6088688327549,94.7442558476194
20.8630952380952,93.3063049982962,92.45054837749,95.6086215724133,94.7439968506937
20.8690476190476,93.3060707489348,92.4503067757478,95.6083784806529,94.7437438979736
20.875,93.3058411160359,92.4500704837872,95.6081395574739,94.7434967164508
20.8809523809524,93.3056156181979,92.4498395016081,95.6079048028762,94.7432554195741
20.8869047619048,93.3053942554209,92.4496157022174,95.6076745593113,94.7430212062043
20.8928571428571,93.3051770277048,92.4493977382357,95.6074490270102,94.7427919697598
20.8988095238095,93.3049639350498,92.4491848348423,95.6072276403767,94.7425677102405
20.9047619047619,93.3047549774556,92.448976992037,95.6070103994108,94.7423484276463
20.9107142857143,93.3045515976458,92.44877420982,95.6067973041125,94.7421341219773
20.9166666666667,93.3043523912811,92.4485764881912,95.606588752317,94.7419247932336
20.922619047619,93.3041571610396,92.4483838271506,95.6063845318619,94.7417217764527
20.9285714285714,93.3039659069214,92.4481983813039,95.6061842912539,94.7415245060781
20.9345238095238,93.3037786289264,92.448018155637,95.605988030493,94.7413319546692
20.9404761904762,93.3035953270547,92.4478427377485,95.6057957495791,94.741144122226
20.9464285714286,93.3034160013063,92.4476721276383,95.6056084928595,94.7409610087486
20.952380952381,93.3032399390049,92.4475063253063,95.6054253452753,94.7407826142369
20.9583333333333,93.3030682131017,92.4473453307527,95.6052458956695,94.740608938691
20.9642857142857,93.3029008300162,92.4471891439775,95.6050701440419,94.7404406515368
20.9702380952381,93.3027377897485,92.447039499447,95.6048980903925,94.7402774127233
20.9761904761905,93.3025793876118,92.4468946363598,95.6047297347214,94.7401189577458
20.9821428571429,93.3024248928943,92.4467544747086,95.6045650770285,94.7399652866043
20.9880952380952,93.3022742917764,92.4466190144935,95.6044044334635,94.7398165503605
20.9940476190476,93.302127584258,92.4464882557145,95.6042475832539,94.7396726938991
21,93.3019848231913,92.4463621983715,95.6040945213962,94.739533590791
21,93.3019848231913,92.4463621983715,95.6040945213962,94.739533590791
21.0059523809524,93.3017898555636,92.4461671431336,95.6038908977395,94.7393261419406
21.0119047619048,93.3014948343689,92.4458376265732,95.6035845433303,94.7389829928251
21.0178571428571,93.3011036080741,92.4453840961396,95.6031958809286,94.7385281805361
21.0238095238095,93.3006371075065,92.4448213252453,95.6027230812931,94.7379597934516
21.0297619047619,93.3000959331808,92.4441641790814,95.6021746250731,94.7373014004798
21.0357142857143,93.2994863477819,92.4434137258039,95.6015655992997,94.736558666447
21.0416666666667,93.298816528203,92.4425940308569,95.600895544512,94.7357315649865
21.047619047619,93.2980950977066,92.441706713974,95.6001649948755,94.7348444396004
21.0535714285714,93.2973214297065,92.4407629132075,95.5993932465958,94.7338975120049
21.0595238095238,93.2965039804374,92.4397690836892,95.598580299673,94.7328889177298
21.0654761904762,93.2956477739519,92.438724973981,95.5977236494234,94.731840232986
21.0714285714286,93.2947575258,92.437634089099,95.5968318570063,94.7307528797035
21.077380952381,93.2938331074345,92.4365094946467,95.5959153387681,94.7296244596995
21.0833333333333,93.2928837961331,92.4353523688065,95.5949740947088,94.7284637913647
21.0892857142857,93.2919169139959,92.4341615031262,95.5940079489736,94.7272818396626
21.0952380952381,93.290932461023,92.4329536030642,95.5930152877579,94.7260786045932
21.1011904761905,93.2899304372144,92.4317299341265,95.5920111756755,94.7248528434469
21.1071428571429,93.2889124455877,92.4304904963133,95.5909956127264,94.723607675538
21.1130952380952,93.287885786602,92.4292366679562,95.5899685989106,94.7223548428018
21.1190476190476,93.2868513418489,92.4279763530932,95.5889301342281,94.7210943452384
21.125,93.2858091113284,92.4267104919194,95.5878824170683,94.7198261828478
21.1309523809524,93.2847590950405,92.4254390844349,95.586831591856,94.718549477609
21.1369047619048,93.2837006050659,92.4241621306395,95.5857778341826,94.7172677313825
21.1428571428571,93.2826370459876,92.422879590766,95.5847211440483,94.7159879120452
21.1488095238095,93.2815758472393,92.4215987811429,95.583661521453,94.7147100195969
21.1547619047619,93.2805170088208,92.4203218857193,95.5825989663966,94.7134340540376
21.1607142857143,93.2794605307322,92.4190489044952,95.5815349511883,94.7121600153674
21.1666666666667,93.2784064129735,92.4177798374707,95.5804750075339,94.7108874193337
21.172619047619,93.2773546555446,92.4165153829031,95.5794193055229,94.7096198100573
21.1785714285714,93.2763056240544,92.4152590094611,95.5783678451555,94.7083594323989
21.1845238095238,93.2752626256502,92.4140111227405,95.5773206264315,94.7071062863587
21.1904761904762,93.2742264478435,92.4127717227414,95.5762770781823,94.7058605464404
21.1964285714286,93.2731970906341,92.4115408094637,95.5752397967371,94.7046240764251
21.202380952381,93.2721745540222,92.4103183829074,95.5742100182843,94.7033972412971
21.2083333333333,93.2711588380076,92.4091044430726,95.5731877428238,94.7021800410565
21.2142857142857,93.2701499425904,92.4079021844903,95.5721720824938,94.7009727379609
21.2202380952381,93.2691493190563,92.4067118901794,95.5711644717857,94.6997791654122
21.2261904761905,93.2681585756756,92.4055324480594,95.5701661073765,94.6985965402742
21.2321428571429,93.2671768008159,92.4043638581303,95.5691769892663,94.697424862547
21.2380952380952,93.2662039944773,92.4032061203921,95.5681963215734,94.6962641322306
21.2440476190476,93.2652401566597,92.4020592348448,95.5672249061319,94.6951143493249
21.25,93.2642852873631,92.4009232014884,95.5662637112921,94.69397551383
21.2559523809524,93.2633393865876,92.3997998470672,95.5653127604461,94.692846909236
21.2619047619048,93.2624047996282,92.3986890718,95.5643726174191,94.6917296231317
21.2678571428571,93.2614812329625,92.3975905501066,95.5634425295785,94.6906256408835
21.2738095238095,93.2605673358644,92.3965042819868,95.5625224969245,94.6895349624914
21.2797619047619,93.2596631083339,92.3954317084134,95.5616149387785,94.6884561552526
21.2857142857143,93.2587685503708,92.3943717167116,95.560718072962,94.6873897233262
21.2916666666667,93.2578836619753,92.3933240020585,95.5598310091624,94.6863366875003
21.297619047619,93.2570084431473,92.3922885644541,95.5589537473798,94.685297047775
21.3035714285714,93.2561457661831,92.3912697508948,95.5580862876141,94.6842714737902
21.3095238095238,93.2552938705263,92.3902632086771,95.5572286298654,94.6832585367872
21.3154761904762,93.2544516424319,92.3892681288637,95.5563811316333,94.6822579844681
21.3214285714286,93.2536190818999,92.3882845114546,95.5555468391828,94.681268846299
21.327380952381,93.2527961889302,92.3873123564498,95.5547221468171,94.6802915355184
21.3333333333333,93.2519829635229,92.3863516638493,95.5539070545363,94.6793273416071
21.3392857142857,93.2511794056779,92.3854033590357,95.5531015623403,94.6783762645651
21.3452380952381,93.2503887893829,92.3844711253007,95.5523056702291,94.6774390607924
21.3511904761905,93.2496081498317,92.3835498853307,95.5515193782027,94.6765138547984
21.3571428571429,93.2488367785272,92.3826396391257,95.5507435302497,94.6756004900955
21.3630952380952,93.2480746754693,92.3817403866858,95.5499800233359,94.6747005533177
21.3690476190476,93.2473218406581,92.3808521280108,95.5492256498679,94.6738150854917
21.375,93.2465782740935,92.379974863101,95.5484804098456,94.672940312955
21.3809523809524,93.2458439757756,92.379110200781,95.5477443032691,94.6720762357077
21.3869047619048,93.2451224513606,92.3782602331312,95.5470173301383,94.6712228537498
21.3928571428571,93.2444099102132,92.3774206659638,95.5462994904533,94.6703801670813
21.3988095238095,93.2437060975051,92.3765914992788,95.5455919887667,94.6695481757022
21.4047619047619,93.2430110132365,92.3757727330763,95.5448957081437,94.6687278957658
21.4107142857143,93.2423246574073,92.3749643673562,95.544207977433,94.6679190101364
21.4166666666667,93.2416470300174,92.3741664021185,95.5435287966346,94.6671210209451
21.422619047619,93.2409782982179,92.3733809346894,95.5428581657485,94.6663339015172
21.4285714285714,93.2403215308235,92.3726086861465,95.5421960847746,94.6655563074454
21.4345238095238,93.2396729133049,92.3718462253118,95.541542553713,94.6647900172085
21.4404761904762,93.2390324456622,92.3710935521851,95.5408990726525,94.6640351136318
21.4464285714286,93.2384001278955,92.3703506667665,95.540265661057,94.6632908076057
21.452380952381,93.2377759600046,92.369617569056,95.5396401832488,94.6625601662455
21.4583333333333,93.2371599419897,92.3688942590536,95.539022639228,94.6618398382363
21.4642857142857,93.2365526160076,92.3681832314878,95.5384130289946,94.6611288155124
21.4702380952381,93.2359560742746,92.3674840379671,95.5378113525484,94.6604270980736
21.4761904761905,93.2353670883726,92.3667940173141,95.5372176098897,94.6597346859199
21.4821428571429,93.2347856583016,92.3661131695289,95.536633507859,94.6590515790514
21.4880952380952,93.2342117840617,92.3654414946114,95.5360583298638,94.6583787193514
21.4940476190476,93.2336454656528,92.3647789925617,95.5354905157702,94.657718262805
21.5,93.233086703075,92.3641256633798,95.5349300655783,94.6570665270453
21.5059523809524,93.2325363212916,92.3634842871077,95.5343769792879,94.6564235120725
21.5119047619048,93.2319955036314,92.3628534294092,95.5338312568991,94.6557892178864
21.5178571428571,93.2314617298674,92.3622311839783,95.533292898412,94.655163644487
21.5238095238095,93.2309349999995,92.3616175508151,95.5327609836844,94.6545467918745
21.5297619047619,93.2304153140276,92.3610125299196,95.5322363373231,94.6539401042833
21.5357142857143,93.2299026719519,92.3604161212916,95.5317195336636,94.6533445387182
21.5416666666667,93.2293970737722,92.3598283249314,95.5312107228957,94.6527571258027
21.547619047619,93.2288995794955,92.3592481141478,95.5307096890314,94.6521778655368
21.5535714285714,93.2284105906783,92.3586769280232,95.5302157249396,94.6516067579205
21.5595238095238,93.2279281690508,92.3581153127713,95.5297288306204,94.6510438029537
21.5654761904762,93.2274523146128,92.3575635506663,95.5292502514673,94.6504890006365
21.5714285714286,93.2269830273644,92.3570210874472,95.5287784439199,94.6499416407511
21.577380952381,93.2265203073057,92.3564871688092,95.5283131939846,94.6494021618616
21.5833333333333,93.2260641544365,92.3559620415272,95.5278545016612,94.6488716487052
21.5892857142857,93.2256158629529,92.3554484818293,95.5274023669498,94.6483502288856
21.5952380952381,93.2251751857431,92.3549425143308,95.5269577353275,94.6478378718656
21.6011904761905,93.2247406297551,92.3544441390316,95.5265196270542,94.647333585464
21.6071428571429,93.2243121949888,92.3539533559318,95.5260877247835,94.6468373696809
21.6130952380952,93.2238898814443,92.3534701650315,95.5256620285154,94.6463519727779
21.6190476190476,93.2234736891215,92.3529945663305,95.52524253825,94.6458741669229
21.625,93.2230636180204,92.3525281669366,95.5248306698064,94.6454035613618
21.6309523809524,93.2226610913273,92.3520712570652,95.524425273919,94.6449401560948
21.6369047619048,93.2222653668078,92.3516214663698,95.5240255819083,94.6444839511217
21.6428571428571,93.2218753922083,92.3511787948503,95.5236315937744,94.6440349464427
21.6488095238095,93.2214911675288,92.3507432425068,95.5232433095171,94.6435939887325
21.6547619047619,93.2211126927692,92.3503148093393,95.5228607291366,94.643162597255
21.6607142857143,93.2207399679296,92.3498934953478,95.5224838526328,94.6427379676434
21.6666666666667,93.2203729930099,92.3494812953425,95.5221146585637,94.6423200998976
21.672619047619,93.2200133053136,92.3490775926915,95.5217510174926,94.6419089940178
21.6785714285714,93.2196597366623,92.3486806126368,95.5213926991242,94.6415046500038
21.6845238095238,93.2193115778429,92.3482903551781,95.5210397034584,94.6411070678558
21.6904761904762,93.2189688288554,92.3479068203156,95.5206920304952,94.6407174505984
21.6964285714286,93.2186314896997,92.3475300080492,95.5203496802348,94.6403364269448
21.702380952381,93.218299560376,92.347159918379,95.5200126925099,94.6399617952216
21.7083333333333,93.2179730408842,92.3467987239107,95.5196830017549,94.6395935554286
21.7142857142857,93.217651028712,92.3464451460368,95.5193583386654,94.6392317075661
21.7202380952381,93.217334574217,92.3460979585663,95.5190387032417,94.6388762516339
21.7261904761905,93.2170239289341,92.3457571614994,95.5187240954835,94.638527187632
21.7321428571429,93.2167192808675,92.3454227548359,95.5184145153911,94.6381841278925
21.7380952380952,93.2164202276281,92.3450947385759,95.5181099629643,94.6378475573857
21.7440476190476,93.2161264757616,92.3447731127194,95.5178106999961,94.6375181071342
21.75,93.21583848658,92.3444602730873,95.5175180869113,94.6371957999518
21.7559523809524,93.2155569945075,92.3441542854079,95.5172302193396,94.6368800286467
21.7619047619048,93.2152803133297,92.3438543388243,95.516947097281,94.6365715791134
21.7678571428571,93.2150084430466,92.3435604333364,95.5166687207355,94.6362697943364
21.7738095238095,93.2147413836582,92.3432725689441,95.516395089703,94.6359741220802
21.7797619047619,93.2144791351645,92.3429907456477,95.5161262041837,94.635684562345
21.7857142857143,93.2142216975654,92.3427149634469,95.5158618865591,94.6354011887147
21.7916666666667,93.2139701838489,92.3424478538564,95.5156019920057,94.6351248832099
21.797619047619,93.2137240558759,92.342186888125,95.5153472384068,94.6348544410319
21.8035714285714,93.2134824974404,92.3419316390327,95.515097696294,94.6345898621806
21.8095238095238,93.2132455085423,92.3416821065796,95.5148530023245,94.634331146656
21.8154761904762,93.2130130891818,92.3414382907656,95.5146128996555,94.6340795545299
21.8214285714286,93.2127852393587,92.3412001915908,95.5143771290487,94.6338346942983
21.827380952381,93.2125619590732,92.3409678090551,95.5141462895708,94.6335951913987
21.8333333333333,93.2123427964409,92.3407440808152,95.5139197489842,94.633361045831
21.8392857142857,93.2121283675899,92.3405258206171,95.5136979150073,94.6331322575954
21.8452380952381,93.2119189466603,92.3403129542439,95.5134806704748,94.6329088266918
21.8511904761905,93.2117144213885,92.3401054816954,95.5132677783077,94.6326907531202
21.8571428571429,93.211514513466,92.3399034029718,95.5130596216192,94.6324800952446
21.8630952380952,93.2113202961291,92.339706718073,95.5128558535311,94.6322751486391
21.8690476190476,93.2111307264842,92.3395153576713,95.5126567518729,94.6320752734826
21.875,93.2109453584129,92.3393290309948,95.5124617290903,94.6318804697754
21.8809523809524,93.2107641919153,92.3391488035031,95.5122711536491,94.6316907375172
21.8869047619048,93.2105872269914,92.3389747488174,95.5120851558737,94.6315060767082
21.8928571428571,93.2104144636411,92.3388063965598,95.5119038805567,94.6313264873484
21.8988095238095,93.2102460277298,92.3386442090241,95.5117270621327,94.6311529393301
21.9047619047619,93.2100825600609,92.3384878810236,95.511554409983,94.6309846754157
21.9107142857143,93.2099232405916,92.3383368555363,95.5113859241078,94.6308215862721
21.9166666666667,93.2097680693219,92.3381911325623,95.5112228085316,94.6306636718994
21.922619047619,93.2096170462518,92.3380508293643,95.5110637298082,94.6305114337793
21.9285714285714,93.2094703390708,92.3379166314505,95.5109084689739,94.6303645551749
21.9345238095238,93.2093282958483,92.3377874649181,95.5107570260287,94.6302226369641
21.9404761904762,93.2091902276432,92.3376633297671,95.5106094009725,94.6300856791468
21.9464285714286,93.2090561344554,92.3375442259977,95.5104655938054,94.6299542850538
21.952380952381,93.208926016285,92.3374316861505,95.5103259113655,94.6298291533819
21.9583333333333,93.2087996095361,92.337324501978,95.5101912024647,94.6297085581776
21.9642857142857,93.208676678659,92.3372219383185,95.5100601332462,94.6295924994409
21.9702380952381,93.2085579546609,92.3371239951719,95.5099327037098,94.6294809771718
21.9761904761905,93.2084434375418,92.3370306725383,95.5098089138556,94.6293739913702
21.9821428571429,93.2083331685362,92.3369419704177,95.5096887636837,94.6292715420363
21.9880952380952,93.2082271381284,92.3368578888101,95.5095722531939,94.6291738290935
21.9940476190476,93.2081249511186,92.3367787393451,95.5094594081359,94.6290809793133
22,93.2080266075066,92.3367045111122,95.5093503854971,94.6289928847585
22,93.2080266075066,92.3367045111122,95.5093503854971,94.6289928847585
22.0059523809524,93.2078763437401,92.3365602704832,95.5091903785861,94.6288356173376
22.0119047619048,93.2076235818675,92.3362774025006,95.508932435077,94.6285459444171
22.0178571428571,93.2072826280568,92.3358802991938,95.5085799087083,94.6281383752488
22.0238095238095,93.2068534222728,92.3353675684329,95.5081529960818,94.6276212134156
22.0297619047619,93.2063542730586,92.3347639269609,95.507653596057,94.6270104711941
22.0357142857143,93.2057906626212,92.3340727334724,95.5070801249615,94.6263183429249
22.0416666666667,93.2051596724549,92.3332993632527,95.5064532414597,94.625541616982
22.047619047619,93.2044773089494,92.3324645333089,95.5057746121989,94.6247020257617
22.0535714285714,93.203750441578,92.3315684984149,95.5050466867105,94.6238059216713
22.0595238095238,93.2029788611491,92.3306212841947,95.5042775075289,94.6228503696056
22.0654761904762,93.2021615500489,92.329626798837,95.5034675529959,94.6218476326679
22.0714285714286,93.2013167971148,92.3285847846188,95.502624291127,94.6208095020694
22.077380952381,93.2004446023468,92.3275081707771,95.5017502351274,94.6197359778101
22.0833333333333,93.1995449657448,92.3264014605145,95.5008464725686,94.6186240648642
22.0892857142857,93.1986152290966,92.3252614918711,95.4999213908131,94.6174886314467
22.0952380952381,93.197670854932,92.3241052949138,95.498973376403,94.6163347043508
22.1011904761905,93.1967129415728,92.3229337472482,95.4980070825432,94.6151622835764
22.1071428571429,93.195741489019,92.3217468488743,95.4970313949283,94.6139715382179
22.1130952380952,93.1947564755308,92.3205427360777,95.496046313558,94.6127698060934
22.1190476190476,93.1937564877781,92.3193290076544,95.4950518384326,94.6115605052236
22.125,93.1927533126933,92.3181118505345,95.4940479695519,94.6103436356084
22.1309523809524,93.1917469502762,92.3168912647181,95.4930366511052,94.6091191972478
22.1369047619048,93.1907374005271,92.3156672502052,95.4920236950765,94.6078866261411
22.1428571428571,93.1897246634458,92.3144395038294,95.4910093750003,94.6066510690292
22.1488095238095,93.1887085047829,92.3132115302404,95.4899936908766,94.6054186682869
22.1547619047619,93.1876922122042,92.3119868496782,95.4889766427054,94.6041894239143
22.1607142857143,93.1866783516381,92.310765462143,95.4879582304867,94.6029633359114
22.1666666666667,93.1856669230846,92.3095473676347,95.486939132006,94.6017404042782
22.172619047619,93.1846579265437,92.3083339262227,95.4859244934572,94.6005201658337
22.1785714285714,93.1836521906458,92.3071279828617,95.4849150299011,94.5993067993192
22.1845238095238,93.1826523654354,92.3059296187999,95.4839107413377,94.5981014649914
22.1904761904762,93.1816585978072,92.3047388340374,95.4829116277671,94.5969041628504
22.1964285714286,93.1806708877614,92.3035571687346,95.4819172273304,94.595715468652
22.202380952381,93.1796899408406,92.3023866222302,95.4809288698302,94.5945368890968
22.2083333333333,93.1787178771928,92.3012260458812,95.4799486386779,94.5933683309521
22.2142857142857,93.1777540510719,92.3000754396877,95.4789765338737,94.5922097942178
22.2202380952381,93.1767984624781,92.2989348036497,95.4780127991099,94.5910626215583
22.2261904761905,93.1758511114113,92.2978041377672,95.4770582663076,94.5899287966512
22.2321428571429,93.1749119978716,92.2966834420401,95.4761127586535,94.5888061396299
22.2380952380952,93.1739811218588,92.295576745679,95.4751762761476,94.5876946504945
22.2440476190476,93.1730600189288,92.2944826269189,95.4742499499893,94.5865943292451
22.25,93.1721491482655,92.2933998547699,95.4733348704707,94.5855051758816
22.2559523809524,93.1712477881798,92.292328429232,95.472429309493,94.584427190404
22.2619047619048,93.1703559386718,92.2912683503051,95.4715332670562,94.583359218834
22.2678571428571,93.1694735997413,92.2902196179893,95.4706467431604,94.582303546426
22.2738095238095,93.1686007144522,92.2891822322845,95.4697697378054,94.5812612081652
22.2797619047619,93.1677362398193,92.2881612439047,95.4689022509913,94.5802322040516
22.2857142857143,93.1668824570273,92.2871526802686,95.4680468360883,94.5792145546996
22.2916666666667,93.1660393660761,92.286155753046,95.4672023602944,94.5782098530106
22.297619047619,93.16520605869,92.2851704622371,95.4663676815162,94.5772186042682
22.3035714285714,93.1643825977605,92.2841968078418,95.4655427997537,94.5762408084723
22.3095238095238,93.1635698795123,92.2832347898601,95.4647277150069,94.5752770906039
22.3154761904762,93.1627679039455,92.282284408292,95.4639224272757,94.5743258022789
22.3214285714286,93.1619771432911,92.2813440909768,95.4631269365602,94.5733868958848
22.327380952381,93.1611963870923,92.2804169040333,95.4623423711652,94.5724637422283
22.3333333333333,93.160425619464,92.2795029162131,95.4615681321505,94.5715535205147
22.3392857142857,93.1596671635706,92.2786023691598,95.4608039728526,94.5706545980526
22.3452380952381,93.1589191505919,92.2777155715156,95.4600498932714,94.5697669748422
22.3511904761905,93.1581803597674,92.2768405906904,95.4593068429797,94.5688906508832
22.3571428571429,93.1574507910969,92.2759774266843,95.4585736788262,94.5680256261759
22.3630952380952,93.1567304445804,92.2751278222686,95.4578502538067,94.5671717918311
22.3690476190476,93.156019320218,92.2742927483771,95.4571365679213,94.566327870367
22.375,93.1553173609069,92.2734683239292,95.4564357319614,94.5654964761974
22.3809523809524,93.1546232091853,92.2726545489249,95.4557439443156,94.5646776093224
22.3869047619048,93.1539390589824,92.2718514233641,95.4550610576823,94.5638717754171
22.3928571428571,93.1532649102983,92.271058947247,95.4543870720615,94.5630779083987
22.3988095238095,93.1526010855463,92.2702771205734,95.4537219874532,94.5622952420541
22.4047619047619,93.1519470714936,92.2695052407204,95.4530658038574,94.5615237971396
22.4107142857143,93.1513020504241,92.2687446402915,95.4524194847829,94.5607678134431
22.4166666666667,93.1506660223376,92.267996007409,95.4517842935403,94.5600218346619
22.422619047619,93.150041309843,92.267258622519,95.4511574205021,94.559285860796
22.4285714285714,93.1494256299654,92.2665350099356,95.4505388656682,94.5585598918453
22.4345238095238,93.1488180778478,92.2658229759001,95.4499286290386,94.5578439278098
22.4404761904762,93.1482186534905,92.265120651376,95.4493267106134,94.5571379686896
22.4464285714286,93.1476273568933,92.2644280363632,95.4487331103925,94.5564436466476
22.452380952381,93.1470441880564,92.2637451308618,95.4481491373638,94.5557620610886
22.4583333333333,93.1464694175422,92.2630719348719,95.4475750907941,94.5550898252582
22.4642857142857,93.1459057275975,92.2624083135722,95.4470087719671,94.5544269391563
22.4702380952381,93.1453495869361,92.2617531906102,95.4464501808827,94.553773402783
22.4761904761905,93.144800995558,92.2611087943863,95.4458993175409,94.5531292161381
22.4821428571429,93.1442599534632,92.2604751249005,95.4453561819416,94.5524943792218
22.4880952380952,93.1437264606517,92.2598526546144,95.444820774085,94.5518710381676
22.4940476190476,93.1432005171236,92.2592402396123,95.4442946401064,94.5512590527708
22.5,93.1426818212352,92.2586373710162,95.4437773388288,94.5506557942036
22.5059523809524,93.1421698351355,92.2580447962773,95.4432672036404,94.5500612624659
22.5119047619048,93.1416660226081,92.2574646849603,95.4427642345411,94.5494754575578
22.5178571428571,93.1411703836532,92.2568930518504,95.4422684315311,94.5488983794792
22.5238095238095,93.1406832389882,92.2563298969476,95.4417797946103,94.5483300282301
22.5297619047619,93.1402036319667,92.255775220252,95.4412983237787,94.5477728244532
22.5357142857143,93.1397313610952,92.2552290217634,95.4408257678394,94.5472257108603
22.5416666666667,93.1392672788128,92.254691301482,95.4403610598603,94.5466867882767
22.547619047619,93.138811842157,92.2541642470513,95.4399029971882,94.5461560567025
22.5535714285714,93.1383630010134,92.2536473135805,95.4394515798231,94.5456335161375
22.5595238095238,93.1379207553823,92.2531383576659,95.4390068077651,94.5451191665818
22.5654761904762,93.1374851052635,92.2526373793075,95.438568681014,94.5446130080355
22.5714285714286,93.137056050657,92.2521443785053,95.4381371995699,94.5441178088724
22.577380952381,93.1366335915628,92.2516593552593,95.4377114302545,94.5436316149701
22.5833333333333,93.1362195049413,92.2511823095696,95.4372923587435,94.5431530611293
22.5892857142857,93.1358125305052,92.2507158806393,95.4368804072068,94.5426821473499
22.5952380952381,93.1354117019675,92.2502584913297,95.436475759452,94.5422188736319
22.6011904761905,93.1350170193284,92.2498085938962,95.4360780214102,94.5417632399752
22.6071428571429,93.1346284825877,92.2493661883386,95.4356867201101,94.54131524638
22.6130952380952,93.1342460917454,92.2489312746571,95.4353020608737,94.5408777891885
22.6190476190476,93.1338698468017,92.2485038528515,95.4349256466436,94.5404483422057
22.625,93.1335016734601,92.2480839229219,95.4345550270447,94.5400260960984
22.6309523809524,93.1331398294528,92.2476743795138,95.4341902020771,94.5396110508667
22.6369047619048,93.1327837615729,92.2472729012815,95.4338311717408,94.5392032065105
22.6428571428571,93.1324334698205,92.2468785001854,95.4334779360357,94.5388025630298
22.6488095238095,93.1320889541954,92.2464911762254,95.4331304949619,94.5384091204247
22.6547619047619,93.1317502146978,92.2461109294016,95.432789821848,94.5380259503638
22.6607142857143,93.1314172513276,92.2457377597139,95.4324559111695,94.5376499107534
22.6666666666667,93.131092240211,92.2453716671624,95.4321274365404,94.5372806382185
22.672619047619,93.1307728947784,92.2450157843958,95.4318043979606,94.5369181327591
22.6785714285714,93.1304589450647,92.2446671066196,95.4314867954301,94.5365623943752
22.6845238095238,93.1301503910698,92.2443251075271,95.4311746289489,94.5362134230667
22.6904761904762,93.1298472327938,92.2439897871182,95.4308678985171,94.5358712495668
22.6964285714286,93.1295494702367,92.243661145393,95.430567845781,94.5355391048536
22.702380952381,93.1292571044317,92.2433391823515,95.4302738947198,94.5352133159652
22.7083333333333,93.1289714210004,92.2430238979937,95.4299850245446,94.5348938829017
22.7142857142857,93.1286910652518,92.2427184979505,95.4297012352555,94.5345808056631
22.7202380952381,93.1284160371859,92.2424195389995,95.4294225268525,94.5342740842493
22.7261904761905,93.1281463368028,92.2421269245427,95.4291488993355,94.5339737186604
22.7321428571429,93.1278819641023,92.2418406545801,95.4288803527046,94.5336795994242
22.7380952380952,93.1276238157031,92.2415607291116,95.4286182934899,94.5333914142195
22.7440476190476,93.1273709068335,92.2412871481372,95.4283617308311,94.5331103233604
22.75,93.1271230470192,92.2410201713369,95.428109954329,94.532836427031
22.7559523809524,93.1268802362603,92.2407623839729,95.4278629639837,94.5325691933144
22.7619047619048,93.1266424745566,92.2405105910111,95.4276207597952,94.532309275389
22.7678571428571,93.126410534256,92.2402647924517,95.4273833417634,94.5320573591316
22.7738095238095,93.1261838291159,92.2400249882946,95.4271507098884,94.5318112314653
22.7797619047619,93.1259619680222,92.2397911785399,95.4269243627272,94.53157089239
22.7857142857143,93.125744950975,92.2395633631874,95.426702981237,94.5313363419057
22.7916666666667,93.1255327779741,92.2393421223085,95.4264861352349,94.5311075800124
22.797619047619,93.1253248930149,92.2391292571697,95.4262738247212,94.5308846067102
22.8035714285714,93.1251217296353,92.2389220632008,95.4260660496958,94.530669321833
22.8095238095238,93.1249236763001,92.2387205404021,95.4258628101586,94.5304603834737
22.8154761904762,93.124730873253,92.2385246887735,95.4256641061097,94.5302569284314
22.8214285714286,93.1245428899755,92.238334508315,95.4254714134702,94.5300589567064
22.827380952381,93.124359627181,92.2381499990265,95.4252832285875,94.5298664682985
22.8333333333333,93.1241824403471,92.2379719991728,95.4250993748414,94.5296794632077
22.8392857142857,93.1240098057869,92.2378015188495,95.4249198522319,94.5294979414341
22.8452380952381,93.123841475747,92.2376364445473,95.424744660759,94.5293240249943
22.8511904761905,93.1236774502274,92.237476776266,95.4245738004226,94.5291557745393
22.8571428571429,93.1235177292281,92.2373225140058,95.4244072881546,94.5289927336399
22.8630952380952,93.1233623127491,92.2371736577666,95.4242467246055,94.5288349022961
22.8690476190476,93.1232116621743,92.2370302075484,95.4240902468269,94.5286822805079
22.875,93.123066588478,92.2368933028751,95.4239378548186,94.5285348682753
22.8809523809524,93.1229255942996,92.2367632689173,95.4237895485808,94.5283926655983
22.8869047619048,93.1227886796391,92.2366383381775,95.4236453281135,94.528258048134
22.8928571428571,93.1226558444965,92.2365185106556,95.4235051934166,94.5281285065288
22.8988095238095,93.1225270888719,92.2364037863517,95.4233693416162,94.5280038894634
22.9047619047619,93.1224024127652,92.2362941652658,95.4232388945371,94.5278841969378
22.9107142857143,93.1222824262697,92.2361896473979,95.4231123427188,94.527769428952
22.9166666666667,93.1221674451304,92.2360916023711,95.4229896861614,94.5276595855061
22.922619047619,93.1220563992036,92.2359997788081,95.4228709248648,94.5275547204997
22.9285714285714,93.1219492884895,92.235912804452,95.422756058829,94.5274557527257
22.9345238095238,93.121846112988,92.2358306793029,95.422645088054,94.5273617935537
22.9404761904762,93.1217468726991,92.2357534033607,95.4225383810034,94.5272728429839
22.9464285714286,93.1216515676229,92.2356809766256,95.4224366739404,94.5271889010162
22.952380952381,93.1215597869513,92.2356133990974,95.4223386657875,94.5271105911881
22.9583333333333,93.1214717567785,92.2355521511695,95.4222443565449,94.5270372531678
22.9642857142857,93.1213880016075,92.2354964890406,95.4221537462125,94.5269687084345
22.9702380952381,93.1213085214384,92.2354454716194,95.4220668347904,94.5269049569883
22.9761904761905,93.1212335302047,92.2353990989057,95.4219836222784,94.5268464850852
22.9821428571429,93.1211628350818,92.2353573708995,95.4219042258361,94.5267930714705
22.9880952380952,93.1210959492602,92.235320287601,95.4218288073905,94.5267442643748
22.9940476190476,93.1210328727396,92.2352878490101,95.4217571660209,94.5267000637981
23,93.1209736055204,92.2352601746835,95.4216893017272,94.5266604697404
23,93.1209736055204,92.2352601746835,95.4216893017272,94.5266604697404
23.0059523809524,93.1208640668816,92.235162142937,95.4215708804314,94.5265523076162
23.0119047619048,93.1206526477027,92.2349260981591,95.4213508559987,94.5263116155283
23.0178571428571,93.1203454762243,92.2345726410155,95.42104306141,94.5259516841563
23.0238095238095,93.1199598080648,92.2341100657575,95.42065855437,94.5254847547701
23.0297619047619,93.1195017037032,92.2335498766926,95.4201996913614,94.5249228370971
23.0357142857143,93.1189688158925,92.2329008388288,95.4196749209787,94.524278344783
23.0416666666667,93.1183809901795,92.2321809723596,95.4190869972844,94.52355431519
23.047619047619,93.1177414864339,92.2313919364053,95.4184432933195,94.522761461781
23.0535714285714,93.1170475091764,92.2305458868288,95.4177492490779,94.5219025244955
23.0595238095238,93.1163105588471,92.2296444656705,95.417018631299,94.5209951265966
23.0654761904762,93.1155401240311,92.2286888593867,95.4162514399829,94.5200452038059
23.0714285714286,93.1147362047283,92.2276950572343,95.4154483153915,94.5190523869702
23.077380952381,93.1138958444469,92.2266635763298,95.4146173197834,94.5180166460823
23.0833333333333,93.113030672795,92.2255976098575,95.4137602328476,94.5169566888872
23.0892857142857,93.1121470788782,92.2245115700468,95.4128768044596,94.5158725153848
23.0952380952381,93.1112450626968,92.2234054568975,95.4119706288551,94.5147640469497
23.1011904761905,93.1103246242505,92.2222792704096,95.4110497925345,94.5136299056756
23.1071428571429,93.1093837081189,92.2211367086998,95.4101142954977,94.512485793344
23.1130952380952,93.1084358407753,92.2199851379315,95.4091612561948,94.5113317099549
23.1190476190476,93.1074812469717,92.2188246888441,95.4082030442782,94.5101676555083
23.125,93.1065199267081,92.2176553614375,95.4072400853217,94.5089924855291
23.1309523809524,93.1055518799845,92.2164771557118,95.4062723793255,94.5078104427705
23.1369047619048,93.1045765007801,92.2152912973847,95.4052999262895,94.5066287457718
23.1428571428571,93.1036000454363,92.2141078743566,95.4043222312967,94.5054473945332
23.1488095238095,93.1026245629934,92.2129269085589,95.4033412863639,94.5042663890545
23.1547619047619,93.1016500534515,92.2117483999917,95.4023631802845,94.5030857293359
23.1607142857143,93.1006765168105,92.2105723486549,95.4013879130586,94.5019057388446
23.1666666666667,93.0997039530704,92.2093982467259,95.4004154846863,94.5007316458707
23.172619047619,93.0987324033097,92.2082292694213,95.3994458951676,94.499564459006
23.1785714285714,93.0977650951198,92.2070678312434,95.3984791445023,94.4984041782505
23.1845238095238,93.0968037492871,92.2059139321923,95.3975158576671,94.497250803604
23.1904761904762,93.0958483658115,92.2047676598539,95.3965591945869,94.4961043350668
23.1964285714286,93.094898944693,92.2036308420957,95.3956095748342,94.4949647726387
23.202380952381,93.0939557624789,92.2025037645977,95.3946669984092,94.493835746817
23.2083333333333,93.0930213977419,92.2013864273598,95.3937314653118,94.4927172473166
23.2142857142857,93.0920952998071,92.2002788303821,95.392802975542,94.491609037947
23.2202380952381,93.0911774686744,92.1991846504403,95.3918815290998,94.4905111187082
23.2261904761905,93.0902679043439,92.1981019699028,95.3909689908283,94.4894234896003
23.2321428571429,93.0893666068156,92.1970302138291,95.3900663074547,94.4883461506232
23.2380952380952,93.0884735760895,92.1959693822194,95.3891726752972,94.4872792018458
23.2440476190476,93.0875901620396,92.1949194750734,95.3882880943559,94.4862277328144
23.25,93.0867179782878,92.1938804923914,95.3874125646307,94.4851878380962
23.2559523809524,93.0858552212187,92.1928531732882,95.3865460861217,94.4841595176912
23.2619047619048,93.0850018908325,92.1918417845836,95.3856886588288,94.4831427715994
23.2678571428571,93.0841579871291,92.1908419926702,95.3848429709712,94.4821375998208
23.2738095238095,93.0833235101085,92.1898537975478,95.3840079542357,94.4811440023555
23.2797619047619,93.0824984597708,92.1888771992166,95.3831826574567,94.4801627322307
23.2857142857143,93.0816848503383,92.1879121976765,95.3823670806345,94.4791980800028
23.2916666666667,93.080882838332,92.1869587929275,95.3815612237688,94.4782451217822
23.297619047619,93.0800905053813,92.1860185365296,95.3807650868599,94.477303857569
23.3035714285714,93.0793078514863,92.1850942515824,95.3799786699076,94.4763742873632
23.3095238095238,93.0785348766469,92.1841814322634,95.3792052632315,94.4754564111647
23.3154761904762,93.0777715808631,92.1832800785726,95.3784421831535,94.4745502289735
23.3214285714286,93.077017964135,92.1823901905101,95.3776887431728,94.4736552106608
23.327380952381,93.0762765040222,92.1815117680758,95.3769449432894,94.4727711757346
23.3333333333333,93.0755460754685,92.1806448112697,95.3762107835033,94.4719003523354
23.3392857142857,93.0748250647044,92.1797915184544,95.3754862638146,94.4710427404632
23.3452380952381,93.0741134717301,92.1789531364808,95.3747713842231,94.4701989966815
23.3511904761905,93.0734112965456,92.1781257792047,95.374069773766,94.4693679377289
23.3571428571429,93.0727185391508,92.1773094466263,95.3733776310328,94.468548742218
23.3630952380952,93.0720351995457,92.1765041387453,95.3726947173245,94.4677414101487
23.3690476190476,93.0713601619662,92.175709855562,95.3720210326411,94.4669500133313
23.375,93.070694872045,92.1749265970762,95.3713565769826,94.466169989428
23.3809523809524,93.0700398818642,92.1741570837919,95.370701350349,94.4654006587365
23.3869047619048,93.0693953172501,92.1734010992682,95.3700555422357,94.4646420212569
23.3928571428571,93.0687612920132,92.1726555439613,95.369422341374,94.4638940769892
23.3988095238095,93.0681364988368,92.1719204178713,95.368797811617,94.4631568259333
23.4047619047619,93.0675209377209,92.1711957209982,95.3681819529646,94.4624313336013
23.4107142857143,93.0669136925498,92.170481453342,95.3675747654167,94.4617203706146
23.4166666666667,93.0663151256224,92.1697776149026,95.3669762489736,94.4610194026756
23.422619047619,93.0657260946799,92.1690873217413,95.366386403635,94.4603284297842
23.4285714285714,93.0651465997221,92.1684091325036,95.3658058068304,94.4596474519404
23.4345238095238,93.0645770895107,92.1677407404384,95.3652366267611,94.4589764691443
23.4404761904762,93.0640161556891,92.1670821455458,95.3646754918315,94.4583154813958
23.4464285714286,93.06346377255,92.1664333478257,95.3641224020416,94.457666072154
23.452380952381,93.0629192935104,92.1657943472781,95.3635773573914,94.4570295565861
23.4583333333333,93.0623826418929,92.1651651439031,95.3630403578809,94.45640241554
23.4642857142857,93.0618548442443,92.1645446421582,95.3625114035101,94.4557846490155
23.4702380952381,93.0613359005646,92.1639343848188,95.3619914013906,94.4551762570129
23.4761904761905,93.060826175526,92.1633350172008,95.361481543498,94.4545772395319
23.4821428571429,93.0603244280711,92.1627467892922,95.3609791461295,94.4539875965726
23.4880952380952,93.0598306191167,92.1621694412081,95.3604842092851,94.4534093481581
23.4940476190476,93.0593461816372,92.1616017458665,95.3599967329648,94.4528426435831
23.5,93.0588705145182,92.1610437032675,95.3595167171686,94.4522846731062
23.5059523809524,93.0584019730761,92.1604985055392,95.3590441618964,94.4517354367274
23.5119047619048,93.0579405573111,92.1599627766975,95.3585801979482,94.4511949344468
23.5178571428571,93.0574862672231,92.1594356008606,95.3581251904067,94.4506631662644
23.5238095238095,93.0570391028122,92.1589169780284,95.3576771188682,94.4501401321801
23.5297619047619,93.0565990640783,92.1584069082009,95.3572359833326,94.4496281403316
23.5357142857143,93.0561685899976,92.1579053913782,95.3568017838,94.4491263868438
23.5416666666667,93.0557452528855,92.1574126000082,95.3563745202704,94.4486328142848
23.547619047619,93.0553285423443,92.1569295308607,95.3559541927436,94.4481474226547
23.5535714285714,93.0549184583739,92.156455198161,95.3555401262327,94.4476702119533
23.5595238095238,93.0545150009744,92.1559896019089,95.355132634596,94.4472011821807
23.5654761904762,93.0541181701457,92.1555332991627,95.3547325482557,94.4467403333369
23.5714285714286,93.0537279658878,92.1550858425919,95.3543399480966,94.4462866843997
23.577380952381,93.0533470075152,92.1546467509003,95.3539548080283,94.4458413709064
23.5833333333333,93.052972354187,92.1542161019979,95.3535763560233,94.4454050514565
23.5892857142857,93.0526039006743,92.1537970491674,95.3532045920815,94.4449779805405
23.5952380952381,93.052241646977,92.1533854845405,95.35284129939,94.444559700451
23.6011904761905,93.0518855930951,92.1529814081172,95.3524844975952,94.4441494931903
23.6071428571429,93.0515357390287,92.1525848198975,95.3521336979292,94.4437476803306
23.6130952380952,93.0511921990928,92.1521957198813,95.3517889003921,94.4433566877568
23.6190476190476,93.0508562332574,92.1518141080688,95.3514501049836,94.4429728705502
23.625,93.0505263187927,92.1514413513343,95.351117311704,94.4425962287109
23.6309523809524,93.050202455699,92.1510782413639,95.3507909114626,94.4422267622388
23.6369047619048,93.049884643976,92.1507221782842,95.3504723306014,94.4418644711339
23.6428571428571,93.0495728836238,92.1503731620953,95.3501593456619,94.4415093553962
23.6488095238095,93.0492662263358,92.150031192797,95.3498519566442,94.4411630125043
23.6547619047619,93.0489658508423,92.1496962703895,95.3495501635482,94.4408255081431
23.6607142857143,93.048671829928,92.1493683948727,95.3492539663739,94.4404947317062
23.6666666666667,93.0483843571519,92.1490492690426,95.3489633651213,94.4401706831935
23.672619047619,93.0481027471476,92.148738768777,95.3486790059691,94.439853362605
23.6785714285714,93.0478269505594,92.1484349628453,95.3484016170535,94.4395427699406
23.6845238095238,93.0475580561533,92.1481378512476,95.3481294827802,94.4392389052004
23.6904761904762,93.0472947481343,92.1478474339838,95.3478626031491,94.4389436475574
23.6964285714286,93.0470368178686,92.147563711054,95.3476009781601,94.4386562316654
23.702380952381,93.046784265356,92.1472866824581,95.3473446078134,94.438375195106
23.7083333333333,93.0465370905967,92.1470183739747,95.3470934921088,94.438100537879
23.7142857142857,93.0462961029609,92.1467578689989,95.3468484961725,94.4378322599846
23.7202380952381,93.0460615310473,92.1465036815296,95.3466098304907,94.4375703614226
23.7261904761905,93.0458319471946,92.1462558115668,95.3463760923843,94.4373148421931
23.7321428571429,93.0456073514028,92.1460142591107,95.3461472818533,94.4370677556299
23.7380952380952,93.0453877436718,92.1457790241611,95.3459233988976,94.436827706641
23.7440476190476,93.0451731240017,92.1455501067181,95.3457044435172,94.4365936999859
23.75,93.0449634923926,92.1453297582629,95.3454904157122,94.4363657356644
23.7559523809524,93.0447600616816,92.1451164280026,95.3452823042764,94.4361438136766
23.7619047619048,93.0445622653731,92.144909092135,95.3450798845679,94.4359279340226
23.7678571428571,93.0443691937587,92.1447077506601,95.3448821335762,94.4357180967022
23.7738095238095,93.0441808468385,92.1445124035779,95.3446890513011,94.4355165648938
23.7797619047619,93.0439972246125,92.1443230508885,95.3445006377428,94.435321364331
23.7857142857143,93.0438183270806,92.1441396925918,95.3443168929012,94.4351318710472
23.7916666666667,93.0436441542429,92.1439647025286,95.3441378167763,94.4349480850427
23.797619047619,93.0434754756649,92.143796022707,95.343964532899,94.4347700063173
23.8035714285714,93.043311820585,92.1436330455634,95.3437964135139,94.434597634871
23.8095238095238,93.0431528557155,92.1434757710979,95.3436327114406,94.4344309707038
23.8154761904762,93.0429985810566,92.1433241993103,95.343473426679,94.434272475184
23.8214285714286,93.042848996608,92.1431783302009,95.3433185592291,94.4341196550569
23.827380952381,93.0427046542513,92.1430381637694,95.3431681090909,94.4339722358681
23.8333333333333,93.0425652280437,92.1429031705738,95.3430220762644,94.4338302176176
23.8392857142857,93.0424302541223,92.1427744742493,95.3428817193041,94.4336936003053
23.8452380952381,93.0422997324869,92.1426522488069,95.3427460571119,94.4335623839314
23.8511904761905,93.0421736631377,92.1425360843921,95.3426145779069,94.4334366086156
23.8571428571429,93.0420517478748,92.1424263719214,95.3424872816892,94.4333187346832
23.8630952380952,93.041934120774,92.1423240641691,95.3423641684588,94.4332059884214
23.8690476190476,93.0418212383146,92.1422269706273,95.3422452382157,94.4330983698303
23.875,93.0417131701755,92.142135091296,95.34213049096,94.4329958789097
23.8809523809524,93.0416095235611,92.1420484261751,95.3420212727457,94.4328985156597
23.8869047619048,93.0415108179729,92.1419669752647,95.3419163294542,94.4328062800803
23.8928571428571,93.0414167777348,92.1418907385647,95.3418153664875,94.4327194987763
23.8988095238095,93.0413268415714,92.1418213850895,95.3417183838457,94.4326399977616
23.9047619047619,93.041241009483,92.1417579138092,95.3416253815287,94.4325653407745
23.9107142857143,93.0411592814694,92.1416993825895,95.3415363595366,94.4324955278148
23.9166666666667,93.0410820248276,92.1416457914304,95.3414513178693,94.4324305588827
23.922619047619,93.0410099969604,92.1415971403319,95.3413717517356,94.432370433978
23.9285714285714,93.0409418197854,92.141553429294,95.3412960654005,94.4323151531008
23.9345238095238,93.0408774933026,92.1415146583167,95.3412241540083,94.4322652886081
23.9404761904762,93.040817017512,92.1414828618561,95.3411560175589,94.4322219752088
23.9464285714286,93.0407603924137,92.1414563381232,95.3410916560525,94.4321832838895
23.952380952381,93.0407076180075,92.141434484123,95.341031069489,94.4321492146501
23.9583333333333,93.0406590578473,92.1414172998554,95.340974335204,94.4321197674908
23.9642857142857,93.0406148090618,92.1414047853205,95.3409228843553,94.4320949424114
23.9702380952381,93.0405744150615,92.1413969405183,95.3408750200774,94.4320747394119
23.9761904761905,93.0405378758466,92.1413937654488,95.3408307423703,94.4320594809166
23.9821428571429,93.040505191417,92.1413959987223,95.3407900512339,94.4320494772053
23.9880952380952,93.040476506054,92.1414031296834,95.3407529466683,94.4320441357149
23.9940476190476,93.0404517243518,92.1414150754859,95.3407194286736,94.4320434564452
24,93.040430772331,92.1414318361297,95.3406894972496,94.4320474393963
24,93.040430772331,92.1414318361297,95.3406894972496,94.4320474393963
24.0059523809524,93.040358668321,92.1413795951634,95.3406083133511,94.4319828551473
24.0119047619048,93.0401842306607,92.1411924055825,95.3404290316706,94.4317822510276
24.0178571428571,93.0399182382333,92.1408810631017,95.3401550424569,94.4314697037875
24.0238095238095,93.0395699447673,92.1404613688653,95.3398071503595,94.4310473000108
24.0297619047619,93.0391403242729,92.1399436672943,95.3393856950832,94.4305301379673
24.0357142857143,93.0386504576836,92.1393390690262,95.338890261557,94.4299266002768
24.0416666666667,93.0381030911151,92.1386572602886,95.338342251709,94.429245577152
24.047619047619,93.0374956211369,92.1379067821195,95.3377416655393,94.4284899608285
24.0535714285714,93.0368390208419,92.1370984950524,95.3370854148887,94.4276818632975
24.0595238095238,93.036144368861,92.1362387205435,95.3363895316011,94.4268227014958
24.0654761904762,93.035411665194,92.1353265773363,95.3356593031158,94.4259094468124
24.0714285714286,93.0346377953179,92.1343725162712,95.3348947294328,94.4249571894564
24.077380952381,93.033836650481,92.1333843533847,95.3340927161241,94.4239736919879
24.0833333333333,93.0330134088877,92.1323668776228,95.3332680239776,94.422958954407
24.0892857142857,93.032168070538,92.1313273695325,95.3324242063709,94.4219101736543
24.0952380952381,93.0313002642795,92.1302658803975,95.3315612633038,94.4208429192326
24.1011904761905,93.0304160773605,92.129182410218,95.3306789634768,94.4197603046297
24.1071428571429,93.0295208464134,92.1280756524844,95.3297812896085,94.4186623298456
24.1130952380952,93.0286145714382,92.1269573035351,95.328874997607,94.4175474301093
24.1190476190476,93.0276972524348,92.1258328819298,95.3279600874724,94.4164209280126
24.125,93.0267686833975,92.1247023876687,95.3270365592046,94.4152910318007
24.1309523809524,93.0258314994936,92.1235658207517,95.3261044128037,94.4141577414738
24.1369047619048,93.0248928273101,92.1224226641471,95.3251637182432,94.4130210570316
24.1428571428571,93.0239526668468,92.1212817832246,95.3242216529928,94.4118809269658
24.1488095238095,93.0230110181039,92.1201435942347,95.3232797372806,94.4107381319161
24.1547619047619,93.0220679032241,92.1190080971774,95.3223379711063,94.409600003748
24.1607142857143,93.0211268033142,92.1178752920526,95.3213962398513,94.4084665424616
24.1666666666667,93.020188444466,92.1167452069124,95.3204558726073,94.4073377480568
24.172619047619,93.0192528266795,92.1156210143335,95.3195207169597,94.4062136205336
24.1785714285714,93.0183209193994,92.1145048453127,95.3185907729085,94.405094159892
24.1845238095238,93.0173948191862,92.11339669985,95.3176660404537,94.4039817086235
24.1904761904762,93.0164745915986,92.1122965779454,95.3167465195952,94.4028785506364
24.1964285714286,93.0155602899987,92.1112044795988,95.3158322103331,94.4017845046794
24.202380952381,93.0146545433361,92.1101204048104,95.3149226260023,94.4006995707525
24.2083333333333,93.013756755301,92.1090438151581,95.314019472883,94.3996237488558
24.2142857142857,93.0128669258934,92.1079759951192,95.313124789597,94.3985570389893
24.2202380952381,93.0119850551133,92.1069197663232,95.3122385761443,94.397499441153
24.2261904761905,93.0111111429607,92.10587512877,95.3113611453719,94.3964556541957
24.2321428571429,93.0102451894356,92.1048417591068,95.3104931643412,94.3954233096116
24.2380952380952,93.0093866274921,92.1038184180756,95.3096343485058,94.3944021205172
24.2440476190476,93.008536529271,92.1028077522538,95.3087846978658,94.3933920869127
24.25,93.0076967050407,92.1018097616412,95.307945576737,94.3923932087979
24.2559523809524,93.0068671548013,92.100824446238,95.3071176614264,94.391405486173
24.2619047619048,93.0060482064257,92.0998499189889,95.3062992831103,94.3904291445269
24.2678571428571,93.0052398309733,92.0988884438347,95.3054904417886,94.3894694338247
24.2738095238095,93.0044415371565,92.0979400297895,95.3046911374614,94.3885214393724
24.2797619047619,93.0036533249754,92.0970051514068,95.3039013701287,94.3875851611701
24.2857142857143,93.0028767221829,92.096083449251,95.3031211397905,94.3866605992176
24.2916666666667,93.0021114701514,92.0951739826266,95.3023533001056,94.3857477535152
24.297619047619,93.0013560273061,92.0942767515336,95.3015961355974,94.3848466240626
24.3035714285714,93.0006103936471,92.0933962404312,95.3008486919946,94.3839568745278
24.3095238095238,92.9998745691744,92.0925276913676,95.3001109692974,94.3830778398629
24.3154761904762,92.9991485538879,92.0916704888178,95.2993829675057,94.3822121643554
24.3214285714286,92.9984323477877,92.0908246327821,95.2986646866196,94.3813598480054
24.327380952381,92.9977292761468,92.0899901232602,95.2979561266389,94.3805198741139
24.3333333333333,92.9970362926435,92.0891669602524,95.2972606070794,94.3796916244941
24.3392857142857,92.9963526139213,92.0883564206825,95.296575052515,94.378876484385
24.3452380952381,92.9956782399804,92.0875614301773,95.2958989241789,94.3780744537867
24.3511904761905,92.9950131708208,92.0867773724235,95.2952322220709,94.3772859704216
24.3571428571429,92.9943574064424,92.0860042474213,95.294574946191,94.3765097713903
24.3630952380952,92.9937109468452,92.0852420551705,95.2939270965394,94.3757454428909
24.3690476190476,92.9930774302171,92.0844907956713,95.2932886731159,94.3749955767928
24.375,92.9924530448366,92.0837504689236,95.2926632654692,94.3742588238876
24.3809523809524,92.9918375479523,92.0830204114286,95.2920468614221,94.3735326860063
24.3869047619048,92.9912309395641,92.0823009099837,95.2914393568773,94.3728171631489
24.3928571428571,92.9906332196722,92.0815936341067,95.290840751835,94.3721122553154
24.3988095238095,92.9900443882763,92.0808985837975,95.290251046295,94.3714179625058
24.4047619047619,92.9894646435333,92.0802164420015,95.2896702402574,94.3707342847202
24.4107142857143,92.9888971008548,92.0795455352034,95.2890986385194,94.3700657310476
24.4166666666667,92.98833790593,92.0788854694681,95.28853909517,94.3694076363582
24.422619047619,92.987787058759,92.0782370272085,95.2879878438117,94.3687594966286
24.4285714285714,92.9872445593416,92.0776028526087,95.2874448844447,94.3681213118587
24.4345238095238,92.9867104076781,92.07697834147,95.2869102170688,94.3674930820485
24.4404761904762,92.9861846037682,92.0763634937924,95.2863838416841,94.366874807198
24.4464285714286,92.9856677772338,92.075758309576,95.2858657582907,94.3662666542062
24.452380952381,92.9851621728278,92.0751627888207,95.2853566150078,94.3656729994253
24.4583333333333,92.9846643059394,92.0745769315265,95.2848581929285,94.3650886522114
24.4642857142857,92.9841741765685,92.0740031258704,95.2843674766478,94.3645136125645
24.4702380952381,92.9836917847151,92.0734409579126,95.2838844661657,94.3639478804845
24.4761904761905,92.9832171303793,92.0728878693961,95.2834091614822,94.3633914559715
24.4821428571429,92.982750213561,92.0723438603209,95.2829415625972,94.3628443390255
24.4880952380952,92.9822919139437,92.071808930687,95.2824816695108,94.3623071844172
24.4940476190476,92.9818433675422,92.0712830804944,95.2820304176362,94.3617828808983
24.5,92.9814020491855,92.0707663097432,95.2815887191975,94.3612673090697
24.5059523809524,92.9809679588738,92.0702580181086,95.2811541549504,94.3607604689312
24.5119047619048,92.9805410966069,92.0697592637044,95.2807267248949,94.3602623604829
24.5178571428571,92.980121462385,92.0692706683319,95.2803064290311,94.3597729837247
24.5238095238095,92.9797090562079,92.0687916173043,95.2798932673589,94.3592923386568
24.5297619047619,92.9793049775506,92.0683248305058,95.2794872398783,94.3588215432047
24.5357142857143,92.9789095670256,92.0678672051069,95.2790890078655,94.3583623874002
24.5416666666667,92.978520900568,92.0674178430196,95.2786987207531,94.3579113431508
24.547619047619,92.9781389781781,92.0669767442441,95.2783153335073,94.3574684104567
24.5535714285714,92.9777637998557,92.0665439087803,95.2779388461278,94.3570335893177
24.5595238095238,92.9773953656009,92.0661193366282,95.2775692586147,94.3566068797339
24.5654761904762,92.9770336754137,92.0657040273992,95.2772069119744,94.3561882817053
24.5714285714286,92.9766800452178,92.065299967281,95.2768523102446,94.3557792498142
24.577380952381,92.9763341760557,92.0649036008208,95.2765041692467,94.3553805773447
24.5833333333333,92.9759945853829,92.0645149280185,95.2761624889808,94.3549895151547
24.5892857142857,92.9756612731995,92.0641339488741,95.2758272694467,94.3546060632442
24.5952380952381,92.9753342395054,92.0637606633877,95.2754986072736,94.3542302216132
24.6011904761905,92.9750134843007,92.0633950715591,95.2751776375502,94.3538619902617
24.6071428571429,92.9746990075854,92.0630386208253,95.2748627878677,94.3535013691898
24.6130952380952,92.9743927910242,92.0626921289958,95.2745540582262,94.3531476802115
24.6190476190476,92.9740937263289,92.0623529140086,95.2742514486254,94.3528014338532
24.625,92.9738003788598,92.0620209758634,95.2739549590656,94.3524636188349
24.6309523809524,92.973512748617,92.0616963145605,95.2736656116019,94.3521344153217
24.6369047619048,92.9732308356004,92.0613789300996,95.2733821801654,94.3518135746233
24.6428571428571,92.9729546398102,92.061068822481,95.2731045366823,94.3515003087468
24.6488095238095,92.9726841612462,92.0607677863597,95.2728326811525,94.3511948890823
24.6547619047619,92.972421063727,92.060475722354,95.2725666135761,94.3508997057914
24.6607142857143,92.9721641988912,92.0601905141238,95.2723078107357,94.3506112492286
24.6666666666667,92.9719128556809,92.0599121616693,95.2720549183817,94.3503295193938
24.672619047619,92.971667034096,92.0596406649904,95.2718073548009,94.3500545162871
24.6785714285714,92.9714267341366,92.0593760240872,95.2715651199931,94.3497862399084
24.6845238095238,92.9711919558027,92.0591182389596,95.2713282139584,94.3495246902578
24.6904761904762,92.9709626990943,92.0588693914915,95.2710966366968,94.3492705596535
24.6964285714286,92.9707414805252,92.0586285854119,95.2708703882083,94.3490240288696
24.702380952381,92.9705258760502,92.0583942568419,95.2706513925943,94.3487842215316
24.7083333333333,92.9703152774209,92.0581664057815,95.2704374856651,94.3485511376395
24.7142857142857,92.9701096846374,92.0579450322307,95.2702285891928,94.3483247771933
24.7202380952381,92.9699090976995,92.0577301361895,95.2700247031774,94.3481060725547
24.7261904761905,92.9697135166074,92.0575217176579,95.2698258276189,94.347894107013
24.7321428571429,92.969522941361,92.0573192769066,95.2696319625173,94.3476885451914
24.7380952380952,92.9693392870641,92.057123776042,95.2694432771632,94.3474893870899
24.7440476190476,92.9691607053644,92.056935332924,95.2692613756879,94.3472968414084
24.75,92.9689870404192,92.0567532718356,95.2690841939302,94.3471129615729
24.7559523809524,92.9688182922285,92.056578310638,95.2689117318901,94.3469349401253
24.7619047619048,92.9686544607923,92.0564097010691,95.2687439895677,94.3467627770657
24.7678571428571,92.9684955461106,92.0562478227622,95.2685809669628,94.3465964723941
24.7738095238095,92.9683416149849,92.0560929864198,95.2684226640757,94.3464360261104
24.7797619047619,92.968194381188,92.0559448523998,95.2682694357089,94.3462814382147
24.7857142857143,92.9680517923012,92.0558032498624,95.268122308889,94.3461336657897
24.7916666666667,92.9679138483243,92.0556690552658,95.2679796715616,94.3459934413359
24.797619047619,92.9677805492574,92.0555408437919,95.2678415237267,94.3458587397089
24.8035714285714,92.9676518951005,92.055418615441,95.2677078653843,94.3457295609087
24.8095238095238,92.9675278858535,92.055302370213,95.2675786965343,94.3456059049352
24.8154761904762,92.9674087950047,92.0551926901577,95.2674540171768,94.3454877717884
24.8214285714286,92.9672958793311,92.055089337904,95.2673336196075,94.3453751614684
24.827380952381,92.967187346415,92.0549917220591,95.2672174653967,94.3452693177868
24.8333333333333,92.9670831962562,92.0548998426229,95.2671061787897,94.3451703181194
24.8392857142857,92.9669834288548,92.0548136995955,95.2669998218925,94.3450765651805
24.8452380952381,92.9668880442108,92.0547343659157,95.266898024648,94.3449880589702
24.8511904761905,92.9667970423242,92.0546606357906,95.266800467869,94.3449047994885
24.8571428571429,92.9667108743616,92.0545924450003,95.2667071341011,94.3448267867354
24.8630952380952,92.9666303364807,92.0545297935447,95.2666184754731,94.3447540207108
24.8690476190476,92.9665539650514,92.0544722484415,95.2665345309994,94.344687950286
24.875,92.9664817600738,92.0544199972946,95.2664549440287,94.3446280685787
24.8809523809524,92.9664137215479,92.0543736217564,95.2663805550365,94.3445731813324
24.8869047619048,92.9663498494736,92.0543332510443,95.2663107891244,94.3445232885468
24.8928571428571,92.966290143851,92.054298357739,95.2662449874049,94.3444783902221
24.8988095238095,92.9662352733237,92.0542696173426,95.2661831498779,94.3444384863582
24.9047619047619,92.9661856325863,92.0542475348866,95.2661252765434,94.3444035769551
24.9107142857143,92.9661399217014,92.0542303137962,95.2660713674016,94.3443753739735
24.9166666666667,92.9660981406689,92.0542179540714,95.2660214179453,94.344352780793
24.922619047619,92.9660602894891,92.0542104557121,95.2659746923518,94.3443349118586
24.9285714285714,92.9660263681617,92.0542078187183,95.2659322692234,94.3443217671703
24.9345238095238,92.9659963766869,92.05421004309,95.2658941485601,94.3443133467281
24.9404761904762,92.9659700472284,92.0542188384627,95.2658603360071,94.3443096505321
24.9464285714286,92.9659476365069,92.0542329949847,95.2658311068852,94.3443106785821
24.952380952381,92.9659295796324,92.0542517934011,95.2658057355303,94.3443182687974
24.9583333333333,92.9659158720059,92.0542752337118,95.2657842219424,94.3443309090129
24.9642857142857,92.9659062034539,92.0543033159169,95.2657665554979,94.3443480614288
24.9702380952381,92.9659010480884,92.0543360400163,95.2657522331562,94.3443697260453
24.9761904761905,92.9658999440346,92.0543734060101,95.2657419557055,94.3443959028622
24.9821428571429,92.9659026604993,92.0544160790695,95.2657357652004,94.3444265918796
24.9880952380952,92.9659091974826,92.0544636316866,95.265733418385,94.3444617930975
24.9940476190476,92.9659195549845,92.0545159511233,95.2657348955497,94.3445017593518
25,92.965933733005,92.0545730373797,95.2657401779959,94.3445465381339
25,92.965933733005,92.0545730373797,95.2657401779959,94.3445465381339
25.0059523809524,92.9658955298771,92.0545598756377,95.265694704626,94.3445222001077
25.0119047619048,92.9657569381785,92.0544108065725,95.265546157846,94.3443660586553
25.0178571428571,92.9655217630994,92.0541404186893,95.2653150054775,94.3440906806002
25.0238095238095,92.96521053176,92.0537609569458,95.2649993894901,94.3437030958177
25.0297619047619,92.9648253316344,92.053284580466,95.2646079215574,94.3432272710447
25.0357142857143,92.9643649677795,92.05272168298,95.2641556578952,94.3426643835966
25.0416666666667,92.9638507899967,92.0520760001844,95.2636420847374,94.3420198133421
25.047619047619,92.9632838846848,92.0513648594957,95.2630680182713,94.3413143560287
25.0535714285714,92.9626674163635,92.0505982405222,95.262452518467,94.340547737009
25.0595238095238,92.9620092739774,92.0497769149317,95.2617955853248,94.3397201964995
25.0654761904762,92.9613090870816,92.0489130120303,95.2610946079796,94.3388530888363
25.0714285714286,92.960573117366,92.0480097093568,95.2603587810367,94.3379464140193
25.077380952381,92.9598083910063,92.0470670069111,95.2595980186101,94.3370025722377
25.0833333333333,92.9590108770025,92.0460878813712,95.2588123207,94.3360322476228
25.0892857142857,92.9581951922881,92.0450840764048,95.2580015696026,94.3350365184535
25.0952380952381,92.9573638053759,92.0440567818164,95.2571698812357,94.33401538473
25.1011904761905,92.9565167162658,92.0430047074893,95.256324801069,94.3329668663341
25.1071428571429,92.9556539249579,92.0419403669537,95.2554663291027,94.3319006364291
25.1130952380952,92.9547763679362,92.040866380272,95.2545944653366,94.3308266340648
25.1190476190476,92.9538924491391,92.0397827474442,95.2537092097708,94.3297448592412
25.125,92.9530027634544,92.0386893381249,95.2528118008116,94.3286553119582
25.1309523809524,92.9521073108822,92.0375927959572,95.2519111634544,94.3275577816037
25.1369047619048,92.9512060914224,92.0364953757977,95.2510075050946,94.3264569828042
25.1428571428571,92.9502989250114,92.0353970776463,95.2501008257322,94.3253563274859
25.1488095238095,92.9493901891557,92.0342979015029,95.2491909788486,94.324255815649
25.1547619047619,92.9484830298566,92.0331978473677,95.2482818532633,94.3231554472933
25.1607142857143,92.9475774471138,92.0320992062567,95.2473747792413,94.3220551602339
25.1666666666667,92.9466734409274,92.0310067265299,95.2464697567829,94.3209604138863
25.172619047619,92.9457714818519,92.0299204418914,95.2455667691124,94.3198718060813
25.1785714285714,92.9448746326448,92.0288403523412,95.2446675998201,94.3187893368188
25.1845238095238,92.943983370061,92.0277672027064,95.2437742502838,94.3177124544709
25.1904761904762,92.9430976941005,92.0267039522659,95.2428867205036,94.3166429040044
25.1964285714286,92.942217167676,92.0256501135867,95.2420050104794,94.3155829280943
25.202380952381,92.9413427082198,92.024605686669,95.2411302370641,94.3145325267406
25.2083333333333,92.9404764476902,92.0235706715128,95.2402638866482,94.3134921032848
25.2142857142857,92.9396183860872,92.0225450681179,95.2394056871087,94.3124626772303
25.2202380952381,92.9387686861426,92.0215288764845,95.2385556384456,94.3114440089037
25.2261904761905,92.9379282754241,92.0205233808095,95.237713740659,94.3104360983052
25.2321428571429,92.9370968847758,92.0195298920909,95.2368799937489,94.3094419350349
25.2380952380952,92.9362745141978,92.0185479138864,95.2360543977152,94.3084604276851
25.2440476190476,92.9354609421806,92.017577446196,95.2352399683791,94.3074902430579
25.25,92.9346559460921,92.0166191279323,95.2344353369561,94.3065313811532
25.2559523809524,92.9338611887947,92.0156738347805,95.2336401604931,94.305583841971
25.2619047619048,92.9330768823409,92.0147405306287,95.2328544389899,94.3046476255114
25.2678571428571,92.9323026668899,92.013819215477,95.2320781724466,94.3037227518844
25.2738095238095,92.9315404232648,92.0129096041367,95.2313113608633,94.302814768769
25.2797619047619,92.9307893179635,92.0120105713538,95.2305540042398,94.3019185125011
25.2857142857143,92.930047859342,92.0111247228459,95.2298099212325,94.3010339830808
25.2916666666667,92.9293160474003,92.0102520586128,95.2290755989027,94.300161180508
25.297619047619,92.9285938821384,92.0093929066348,95.2283510250968,94.2993001047827
25.3035714285714,92.9278813635563,92.0085475500823,95.2276361998149,94.298450755905
25.3095238095238,92.927178491654,92.0077142768428,95.2269311230571,94.2976128529526
25.3154761904762,92.9264892311475,92.0068930869165,95.2262357948233,94.2967856575124
25.3214285714286,92.9258094622456,92.0060855319066,95.2255506369679,94.295971806048
25.327380952381,92.9251391773722,92.0052932493936,95.2248785971551,94.2951712985594
25.3333333333333,92.9244783765272,92.0045120702871,95.2242160713594,94.2943829598991
25.3392857142857,92.9238270597107,92.0037419945871,95.2235630595808,94.29360652423
25.3452380952381,92.9231852269227,92.0029830222937,95.2229195618192,94.2928431177179
25.3511904761905,92.9225534219905,92.0022351534069,95.2222855780748,94.2920927403628
25.3571428571429,92.9219344622919,92.0014983879266,95.2216611083475,94.2913558369706
25.3630952380952,92.9213245445604,92.0007760879253,95.2210469937065,94.2906308855407
25.3690476190476,92.9207236687959,92.0000667238356,95.2204451202465,94.289917727217
25.375,92.9201318349984,91.9993679531666,95.2198522508463,94.289219771227
25.3809523809524,92.9195490431679,91.9986797759183,95.2192683855058,94.2885336621502
25.3869047619048,92.9189752933045,91.9980021920908,95.2186935242251,94.2878581090018
25.3928571428571,92.9184115260189,91.9973352016839,95.218127667004,94.2871931117818
25.3988095238095,92.9178593947536,91.9966788046977,95.2175708138427,94.2865386704902
25.4047619047619,92.9173157863028,91.9960369254241,95.2170224146993,94.2858947851269
25.4107142857143,92.9167807006665,91.9954066024041,95.2164823648778,94.285262059439
25.4166666666667,92.9162541378448,91.9947862629888,95.2159520245309,94.2846440479807
25.422619047619,92.9157360978376,91.9941759071781,95.2154313936587,94.2840359039714
25.4285714285714,92.915226580645,91.9935755349721,95.2149208585086,94.2834376274111
25.4345238095238,92.9147250231987,91.9929851463707,95.2144191432314,94.2828492182997
25.4404761904762,92.9142314122288,91.9924047413739,95.2139261317524,94.2822706766372
25.4464285714286,92.9137470063526,91.9918385354441,95.2134431323961,94.2817020024237
25.452380952381,92.9132718055702,91.9912826178916,95.2129699648658,94.2811444145371
25.4583333333333,92.9128062049887,91.9907360860075,95.212504602148,94.2806000697037
25.4642857142857,92.9123489694231,91.9901989397919,95.2120470442425,94.2800649266284
25.4702380952381,92.9118999542082,91.9896711792447,95.2115972911494,94.2795389853115
25.4761904761905,92.9114601979129,91.989152804366,95.2111553428687,94.2790222457527
25.4821428571429,92.911030053654,91.9886438151557,95.2107211994004,94.2785147079522
25.4880952380952,92.9106072823314,91.9881428985454,95.2102971273866,94.27801637191
25.4940476190476,92.9101918839452,91.987652329856,95.2098810446917,94.2775288623286
25.5,92.9097838584954,91.9871722175626,95.2094721945992,94.277053127928
25.5059523809524,92.909383205982,91.9867029711064,95.209070577109,94.2765860071006
25.5119047619048,92.908989926405,91.9862436802201,95.2086761922213,94.2761274998465
25.5178571428571,92.9086060972108,91.985793678572,95.2082890399358,94.2756776061657
25.5238095238095,92.9082301231108,91.9853533336121,95.2079091202528,94.2752363260581
25.5297619047619,92.9078609773926,91.984925497276,95.2075389179311,94.2748036595239
25.5357142857143,92.9074986600563,91.9845059082354,95.2071757320874,94.274381487197
25.5416666666667,92.9071431711018,91.9840945664905,95.2068192376702,94.2739697314456
25.547619047619,92.9067945105292,91.9836914720412,95.2064694346796,94.2735660731407
25.5535714285714,92.9064526783384,91.9832966248875,95.2061263231155,94.2731705122824
25.5595238095238,92.9061199591706,91.9829100250294,95.205789902978,94.2727830488707
25.5654761904762,92.9057941887685,91.9825334733262,95.2054601847314,94.2724036829054
25.5714285714286,92.90547478537,91.9821671776917,95.2051386633072,94.2720324143868
25.577380952381,92.9051617489751,91.9818086021326,95.2048236127587,94.271668368465
25.5833333333333,92.9048550795837,91.9814577466489,95.2045150330857,94.2713123655085
25.5892857142857,92.904554777196,91.9811146112406,95.2042129242884,94.2709652261763
25.5952380952381,92.9042608418119,91.9807791959077,95.2039172863666,94.2706271541884
25.6011904761905,92.9039756571486,91.9804515006502,95.2036291957455,94.2702978606081
25.6071428571429,92.9036966511341,91.9801307436668,95.2033473695242,94.2699765299535
25.6130952380952,92.9034236064491,91.9798177859579,95.2030716458942,94.2696631986483
25.6190476190476,92.9031565230937,91.979513458473,95.2028020248554,94.2693607363588
25.625,92.902895401068,91.9792179666101,95.2025385064079,94.2690653848936
25.6309523809524,92.9026402403718,91.9789310185336,95.2022801441104,94.2687771442527
25.6369047619048,92.902391087832,91.9786518021204,95.2020278427304,94.268496014436
25.6428571428571,92.9021492780397,91.9783804284871,95.2017819309771,94.2682219954437
25.6488095238095,92.901913282466,91.978119680178,95.2015425974485,94.2679550872756
25.6547619047619,92.9016831011111,91.9778658267007,95.2013094205229,94.2676965669886
25.6607142857143,92.9014587339748,91.9776188680552,95.2010820522472,94.267447051984
25.6666666666667,92.9012401810573,91.9773788042416,95.2008609422274,94.2672041824714
25.672619047619,92.9010285631778,91.9771456352598,95.2006469852147,94.2669679584507
25.6785714285714,92.9008226464511,91.9769193611099,95.200438279055,94.266738379922
25.6845238095238,92.9006222262557,91.9767014082113,95.2002348237483,94.2665154468853
25.6904761904762,92.9004273025917,91.9764922758643,95.2000366192945,94.2662991593406
25.6964285714286,92.9002378754589,91.9762895911646,95.1998436656936,94.2660911313111
25.702380952381,92.9000548039634,91.9760933541122,95.1996559629456,94.2658911373703
25.7083333333333,92.8998773687906,91.975903564707,95.1994746779588,94.2656974239874
25.7142857142857,92.8997051363963,91.9757202229491,95.1992993017892,94.2655099911624
25.7202380952381,92.8995381067805,91.9755433288386,95.1991288700785,94.2653288388951
25.7261904761905,92.8993762799431,91.9753746225018,95.1989633828267,94.2651539671858
25.7321428571429,92.8992191997844,91.9752137554613,95.1988028400337,94.2649853760342
25.7380952380952,92.8990668470811,91.9750590317132,95.1986472416996,94.2648249018367
25.7440476190476,92.8989200230045,91.9749104512575,95.1984965878244,94.2646716512785
25.75,92.898778787284,91.9747680140941,95.1983522982782,94.2645243475195
25.7559523809524,92.8986431750025,91.9746317202231,95.1982133330033,94.2643829905597
25.7619047619048,92.8985126257833,91.9745015696444,95.1980790138311,94.2642475803989
25.7678571428571,92.8983871396263,91.9743794917657,95.1979493407617,94.2641181170373
25.7738095238095,92.8982682995666,91.9742644703269,95.197824313795,94.2639946004749
25.7797619047619,92.8981542727491,91.9741552887072,95.197703932931,94.2638790764061
25.7857142857143,92.8980448386649,91.9740519469067,95.1975881981698,94.2637700491975
25.7916666666667,92.8979399973141,91.9739544449253,95.197477948705,94.2636666451552
25.797619047619,92.8978397486966,91.9738627827631,95.1973725209646,94.2635688642789
25.8035714285714,92.8977440928124,91.97377696042,95.1972717010079,94.2634767065689
25.8095238095238,92.8976528455812,91.9736979703523,95.197175488835,94.2633901720251
25.8154761904762,92.8975659047141,91.9736252220929,95.197083884446,94.2633092606475
25.8214285714286,92.8974839807919,91.9735583602104,95.1969975262441,94.263236215521
25.827380952381,92.8974071568359,91.9734973847048,95.1969158357064,94.2631690138788
25.8333333333333,92.8973350769341,91.9734426076565,95.1968385153062,94.2631071341709
25.8392857142857,92.8972678213342,91.9733943349442,95.1967655650433,94.2630505763972
25.8452380952381,92.8972059151391,91.9733516976521,95.1966969849178,94.2629993405578
25.8511904761905,92.8971483791422,91.9733146957801,95.1966338076433,94.2629534266527
25.8571428571429,92.8970952133434,91.9732833293284,95.1965753826841,94.2629128346819
25.8630952380952,92.8970464177428,91.973259773844,95.1965210073256,94.2628798433512
25.8690476190476,92.8970021259035,91.9732417659681,95.1964706815679,94.262852114381
25.875,92.8969629161426,91.9732288438658,95.1964244054108,94.2628294625497
25.8809523809524,92.8969278742398,91.9732210075371,95.1963821788544,94.2628118878573
25.8869047619048,92.8968970001951,91.973218256982,95.1963440018987,94.2627993903037
25.8928571428571,92.8968702940084,91.9732205922005,95.1963112384634,94.262791969889
25.8988095238095,92.89684794508,91.9732283243869,95.196282599007,94.2627897251916
25.9047619047619,92.8968310727065,91.9732434968901,95.1962578322966,94.2627949500919
25.9107142857143,92.8968180988532,91.9732635159059,95.1962369383323,94.2628049438653
25.9166666666667,92.8968090235201,91.9732883814345,95.1962199171139,94.2628197065117
25.922619047619,92.8968038467072,91.9733180934758,95.1962067686416,94.2628392380311
25.9285714285714,92.8968025684145,91.9733526520298,95.1961974929152,94.2628635384236
25.9345238095238,92.896805188642,91.9733920570965,95.1961935700071,94.2628926076892
25.9404761904762,92.8968114937086,91.9734361474491,95.1961933872561,94.262926798304
25.9464285714286,92.8968215572355,91.973484947355,95.1961968978367,94.2629677054067
25.952380952381,92.8968358940542,91.973539244815,95.1962041017487,94.2630131638774
25.9583333333333,92.8968545448175,91.9735990559096,95.1962149989923,94.2630631737159
25.9642857142857,92.8968771931246,91.9736639618508,95.1962295895674,94.2631177349223
25.9702380952381,92.8969044267217,91.9737334319678,95.1962479390141,94.2631768474966
25.9761904761905,92.8969358079057,91.9738080537093,95.1962707138479,94.2632405114387
25.9821428571429,92.8969708850462,91.9738880218979,95.1962971433401,94.2633088568219
25.9880952380952,92.8970096581431,91.9739729973386,95.1963272274907,94.2633822314273
25.9940476190476,92.8970521271964,91.9740629494688,95.1963609662997,94.2634603169118
26,92.8970982922062,91.974157821964,95.1963983597671,94.2635431132756
26,92.8970982922062,91.974157821964,95.1963983597671,94.2635431132756
26.0059523809524,92.8970923690229,91.9741823919632,95.1963846859824,94.2635569451756
26.0119047619048,92.8969833840764,91.974067842937,95.19627434974,94.263441593874
26.0178571428571,92.8967866495657,91.9738386463025,95.1960719689873,94.2632030697786
26.0238095238095,92.8965004590099,91.9734934329985,95.1957844700141,94.2628560807556
26.0297619047619,92.8961458936254,91.9730570130367,95.1954259455542,94.2624108227257
26.0357142857143,92.8957251160494,91.9725326570854,95.1950054937906,94.2618872212788
26.0416666666667,92.8952358432633,91.9719260002867,95.1945213101481,94.261283310971
26.047619047619,92.8946978800585,91.9712576204682,95.1939799779644,94.2606090164622
26.0535714285714,92.8941139162117,91.9705278068476,95.1933963692568,94.2598800276371
26.0595238095238,92.8934816186547,91.9697466990852,95.1927704840251,94.2590949820006
26.0654761904762,92.892809050339,91.9689181481438,95.1921053486249,94.2582578186263
26.0714285714286,92.8921078101211,91.968044452046,95.191408993792,94.2573864066526
26.077380952381,92.891377898001,91.9671366313002,95.1906814290127,94.2564807460795
26.0833333333333,92.8906176710994,91.9661960605636,95.1899243416993,94.2555384142497
26.0892857142857,92.8898313007695,91.9652279653522,95.1891459895907,94.2545686781515
26.0952380952381,92.8890303620224,91.9642394749998,95.1883473446782,94.2535811735782
26.1011904761905,92.8882148548581,91.9632306280317,95.1875274891353,94.2525759005297
26.1071428571429,92.8873847792768,91.9621995551839,95.1866931396862,94.2515520694869
26.1130952380952,92.8865381576196,91.9611590700512,95.1858491537508,94.2505107607499
26.1190476190476,92.8856818934703,91.9601123056883,95.1849955313292,94.2494644024751
26.125,92.8848216713721,91.9590592620953,95.1841303116945,94.2484129946625
26.1309523809524,92.883957491325,91.9579999392721,95.1832597968167,94.2473565373121
26.1369047619048,92.8830893533291,91.9569337002279,95.1823883529499,94.246295030424
26.1428571428571,92.8822172573843,91.9558692237807,95.181515980094,94.2452295870979
26.1488095238095,92.881340621352,91.9548073960107,95.1806426782492,94.2441661394345
26.1547619047619,92.8804663491828,91.953748216918,95.1797684474153,94.24310487253
26.1607142857143,92.8795953196677,91.9526916865024,95.1788929710485,94.2420457863846
26.1666666666667,92.8787275328066,91.9516378047641,95.1780195857642,94.2409900601827
26.172619047619,92.8778629885995,91.9505892182635,95.1771512486239,94.2399406732107
26.1785714285714,92.8770016870464,91.9495486607412,95.1762879596277,94.238897726852
26.1845238095238,92.876143704721,91.9485161323543,95.1754297187756,94.2378612211068
26.1904761904762,92.8752917444494,91.9474916331028,95.1745765260675,94.2368334211663
26.1964285714286,92.8744470194474,91.9464751629866,95.1737283815036,94.2358153746719
26.202380952381,92.8736095297148,91.9454667220059,95.1728861622295,94.2348068514425
26.2083333333333,92.8727792752518,91.9444670099867,95.1720523436346,94.2338078514781
26.2142857142857,92.8719562560582,91.9434800515853,95.1712266764002,94.2328183747788
26.2202380952381,92.8711404721341,91.9425036899671,95.1704091605263,94.2318384213444
26.2261904761905,92.8703326327693,91.9415379251319,95.1695997960129,94.2308677316053
26.2321428571429,92.8695352760928,91.9405827570798,95.16879858286,94.2299062220068
26.2380952380952,92.8687469647004,91.9396381858108,95.1680055210675,94.2289571843904
26.2440476190476,92.867967698592,91.938704211325,95.1672201075489,94.2280206187559
26.25,92.8671974777677,91.9377824447217,95.1664439857656,94.2270968508125
26.2559523809524,92.8664363022275,91.9368757936417,95.1656780963357,94.226186362827
26.2619047619048,92.8656841719714,91.9359806002765,95.1649224614715,94.2252879916396
26.2678571428571,92.8649424920918,91.935096864626,95.1641770183364,94.2244017372504
26.2738095238095,92.8642127050063,91.9342245866903,95.163444397105,94.223526824699
26.2797619047619,92.8634924929132,91.9333637664694,95.1627215094523,94.222663487588
26.2857142857143,92.8627818558125,91.9325144039632,95.1620083553782,94.2218134438045
26.2916666666667,92.8620807937043,91.9316759671196,95.1613049348828,94.2209766933484
26.297619047619,92.8613893065885,91.9308495188324,95.160611247966,94.2201540040057
26.3035714285714,92.8607073944651,91.9300365401443,95.1599272946279,94.2193441337791
26.3095238095238,92.8600369813407,91.9292367820861,95.1592549507552,94.218546503229
26.3154761904762,92.8593782600458,91.9284494820173,95.1585942428535,94.2177611123553
26.3214285714286,92.8587290374721,91.9276729264547,95.1579431095037,94.2169925067293
26.327380952381,92.8580893136196,91.9269094810221,95.1573015507058,94.216235458673
26.3333333333333,92.8574590884883,91.9261591457193,95.1566695664598,94.2154897065452
26.3392857142857,92.8568383620782,91.9254223896848,95.1560471567657,94.214755250346
26.3452380952381,92.8562271343892,91.9246986732564,95.1554343216235,94.2140320900754
26.3511904761905,92.8556262147454,91.9239867206331,95.1548334101286,94.2133202257334
26.3571428571429,92.855035530356,91.923286531815,95.1542432418929,94.2126211728068
26.3630952380952,92.8544545361905,91.922601353134,95.1536622347482,94.2119370499136
26.3690476190476,92.8538832322488,91.9219286127976,95.1530903886945,94.2112636492942
26.375,92.8533207462332,91.9212664913096,95.1525277037319,94.2106009709485
26.3809523809524,92.8527677957902,91.9206149886698,95.1519741798604,94.2099490148768
26.3869047619048,92.8522249217098,91.9199741048782,95.15142981708,94.2093077810788
26.3928571428571,92.8516923929912,91.919343839935,95.1508971999575,94.2086772695546
26.3988095238095,92.8511694996224,91.91872419384,95.1503742739497,94.2080595935029
26.4047619047619,92.8506557504371,91.9181203574677,95.1498599544674,94.2074554031878
26.4107142857143,92.8501523729529,91.9175265304268,95.1493542415108,94.2068612956406
26.4166666666667,92.8496596336373,91.9169426734799,95.1488571350797,94.2062772708614
26.422619047619,92.8491751098369,91.9163687866269,95.1483686351741,94.2057033288501
26.4285714285714,92.8486988015516,91.915804869868,95.1478887417942,94.2051394696067
26.4345238095238,92.8482307087814,91.9152509232029,95.1474202691765,94.2045856931312
26.4404761904762,92.8477708315262,91.9147075598455,95.1469604106178,94.2040445647571
26.4464285714286,92.8473191697862,91.9141784760571,95.146508535779,94.203515515467
26.452380952381,92.8468781423221,91.9136587718686,95.1460646446602,94.2029958827669
26.4583333333333,92.8464457431172,91.9131484472801,95.1456287372612,94.2024856666568
26.4642857142857,92.8460210000523,91.9126475022915,95.1452008135822,94.2019848671366
26.4702380952381,92.8456039131274,91.912155936903,95.1447808736231,94.2014934842064
26.4761904761905,92.8451944823426,91.9116737511143,95.1443698958597,94.2010115178661
26.4821428571429,92.8447927076978,91.9112005437376,95.1439669126215,94.2005417941222
26.4880952380952,92.844398589193,91.9107359931615,95.1435718582334,94.2000827656617
26.4940476190476,92.844014793239,91.9102818989033,95.1431848493214,94.1996325562883
26.5,92.8436386030012,91.9098382609631,95.1428063364958,94.1991911660021
26.5059523809524,92.8432695359996,91.9094038114171,95.14243535225,94.1987585948029
26.5119047619048,92.8429075922341,91.9089791323076,95.142071896584,94.1983348426908
26.5178571428571,92.8425527717049,91.9085646105415,95.1417168461105,94.1979199096658
26.5238095238095,92.8422050744119,91.9081595799092,95.1413707024139,94.1975168765674
26.5297619047619,92.8418645003551,91.9077664079014,95.1410313230647,94.197123342165
26.5357142857143,92.8415338843033,91.9073828477054,95.1406987080628,94.1967380387123
26.5416666666667,92.8412099913964,91.907007512997,95.1403728574082,94.1963609662094
26.547619047619,92.8408927245267,91.9066404037763,95.140053771101,94.1959921246563
26.5535714285714,92.840582083694,91.9062815200432,95.1397414491412,94.1956315140529
26.5595238095238,92.8402780688984,91.9059308617977,95.1394375399632,94.1952791343994
26.5654761904762,92.8399806801399,91.9055889281881,95.1391409618257,94.1949382298025
26.5714285714286,92.8396901307654,91.905258682853,95.1388506894485,94.1946057481242
26.577380952381,92.8394085277049,91.9049361202959,95.1385667228316,94.1942809784408
26.5833333333333,92.8391331464273,91.9046212405168,95.1382890619749,94.1939639207524
26.5892857142857,92.8388639869324,91.9043140435156,95.1380177068786,94.1936545750589
26.5952380952381,92.8386010492203,91.9040145292924,95.1377526575426,94.1933529413604
26.6011904761905,92.838344333291,91.9037226978472,95.1374958096238,94.1930590196567
26.6071428571429,92.8380938391445,91.9034395463512,95.1372454815523,94.1927716051689
26.6130952380952,92.8378500599811,91.9031668241197,95.1370010102603,94.1924926100324
26.6190476190476,92.8376144080907,91.9029013430488,95.1367623957479,94.1922221366781
26.625,92.8373845528013,91.9026431031384,95.136529638015,94.1919605214464
26.6309523809524,92.8371604941129,91.9023921043885,95.1363027370618,94.1917067902198
26.6369047619048,92.8369422320255,91.9021483467993,95.1360816928882,94.1914607095927
26.6428571428571,92.8367297665391,91.9019118303705,95.1358684472349,94.1912217661304
26.6488095238095,92.8365230976536,91.9016838375213,95.1356610234988,94.1909902407812
26.6547619047619,92.8363229543697,91.9014651454054,95.1354591001846,94.1907666790903
26.6607142857143,92.8361301093743,91.9012533264151,95.1352626772923,94.1905506689743
26.6666666666667,92.8359427071043,91.9010483805504,95.135071754822,94.1903448836599
26.672619047619,92.8357607475598,91.9008503078113,95.1348863327736,94.1901457336989
26.6785714285714,92.8355842307407,91.9006591081979,95.1347064111472,94.189953173725
26.6845238095238,92.8354131566471,91.90047478171,95.1345341529624,94.1897672037382
26.6904761904762,92.8352475252789,91.9002966787455,95.1343670783644,94.1895878237385
26.6964285714286,92.8350882447048,91.9001252438254,95.1342051349267,94.189415033726
26.702380952381,92.834935528895,91.8999614161662,95.1340483226495,94.1892495109531
26.7083333333333,92.8347879444307,91.8998053579428,95.1338966415326,94.1890914203334
26.7142857142857,92.8346454913118,91.899656892776,95.1337500915761,94.1889398972668
26.7202380952381,92.8345081695385,91.899515291158,95.1336088549459,94.1887949417534
26.7261904761905,92.8343759791107,91.899380728811,95.1334744952676,94.1886565537932
26.7321428571429,92.8342489200283,91.8992554550328,95.1333449988713,94.1885256902343
26.7380952380952,92.8341280270663,91.8991363236691,95.1332203657572,94.1884013689205
26.7440476190476,92.8340130478225,91.8990233347196,95.1331005959252,94.18828331111
26.75,92.8339029275291,91.8989164881845,95.1329856893752,94.1881715168027
26.7559523809524,92.8337976661861,91.8988157840637,95.1328756461074,94.188066190207
26.7619047619048,92.8336972637936,91.8987212223573,95.1327708579601,94.1879681559353
26.7678571428571,92.8336017203515,91.8986341446982,95.1326723535338,94.187876128667
26.7738095238095,92.8335110358598,91.8985548012712,95.1325784263736,94.187790108402
26.7797619047619,92.8334265153119,91.8984812189268,95.1324890764793,94.1877100951403
26.7857142857143,92.8333473948126,91.8984133976649,95.132404303851,94.1876367771787
26.7916666666667,92.8332728274681,91.8983513374857,95.1323241084887,94.1875697048917
26.797619047619,92.8332028132783,91.898295038389,95.1322484903924,94.1875084039183
26.8035714285714,92.8331373522433,91.8982445003749,95.1321780163628,94.1874528742584
26.8095238095238,92.8330764443629,91.8982012727832,95.1321132521479,94.1874033345365
26.8154761904762,92.8330200896372,91.8981648998926,95.1320528201095,94.1873616878731
26.8214285714286,92.8329678315995,91.898134053774,95.1319967202474,94.1873253290332
26.827380952381,92.8329203427962,91.8981087344272,95.1319449525617,94.1872942580167
26.8333333333333,92.8328776817127,91.8980889418524,95.1318975170525,94.1872684748236
26.8392857142857,92.8328393346383,91.8980746760494,95.1318544137195,94.187247979454
26.8452380952381,92.8328058891765,91.8980659370183,95.1318153669534,94.1872327719078
26.8511904761905,92.8327768440215,91.8980645572501,95.131780525481,94.1872237647333
26.8571428571429,92.8327524010204,91.8980693934378,95.1317503867167,94.1872215319324
26.8630952380952,92.8327328225708,91.8980794476899,95.131725006988,94.1872243387195
26.8690476190476,92.8327179316805,91.8980947200064,95.1317040128057,94.1872321850949
26.875,92.8327075539938,91.8981152103874,95.1316879157997,94.1872450710584
26.8809523809524,92.8327030569236,91.8981409188328,95.1316763928607,94.1872629966101
26.8869047619048,92.8327026100035,91.8981718453425,95.1316689338246,94.18728596175
26.8928571428571,92.8327062132334,91.8982075461827,95.1316655386915,94.187315131931
26.8988095238095,92.8327138666135,91.8982489024135,95.1316662074614,94.1873504589391
26.9047619047619,92.8327255701437,91.8982962037293,95.1316712911431,94.1873905897809
26.9107142857143,92.832741323824,91.898349112484,95.1316814643456,94.1874355244567
26.9166666666667,92.832760855266,91.8984080538301,95.1316954421674,94.1874852629663
26.922619047619,92.8327843638674,91.8984738679679,95.1317132246087,94.1875398053097
26.9285714285714,92.8328122574801,91.8985444482096,95.1317348116694,94.1875991514871
26.9345238095238,92.83284387074,91.8986197945553,95.1317602033496,94.1876629457664
26.9404761904762,92.8328798320205,91.898699907005,95.1317893996492,94.1877317293328
26.9464285714286,92.8329201961669,91.8987847855586,95.1318230930843,94.1878059333059
26.952380952381,92.8329646961111,91.8988744302162,95.1318613189357,94.1878853284103
26.9583333333333,92.8330138305916,91.898970479451,95.1319031567076,94.1879699195508
26.9642857142857,92.8330675816992,91.8990719156071,95.1319486064,94.1880600379436
26.9702380952381,92.8331250168075,91.8991778964115,95.1319976680128,94.1881548097915
26.9761904761905,92.8331861359166,91.8992884218641,95.1320503415461,94.1882542350944
26.9821428571429,92.8332509390265,91.8994034919652,95.1321066269998,94.1883583138524
26.9880952380952,92.8333194261372,91.8995231067145,95.1321663357472,94.1884672214511
26.9940476190476,92.8333915972487,91.8996472661122,95.1322297734978,94.1885809115732
27,92.8334675420564,91.8997761225229,95.1322971622337,94.1886992684068
27,92.8334675420564,91.8997761225229,95.1322971622337,94.1886992684068
27.0059523809524,92.833491068321,91.8998347197379,95.1323138247962,94.1887486331101
27.0119047619048,92.8334140717591,91.8997566601332,95.1322272915983,94.1886646757213
27.0178571428571,92.8332443263035,91.8995540230126,95.1320580596125,94.1884575425705
27.0238095238095,92.8329922013333,91.8992494945404,95.1318042656802,94.1881508269064
27.0297619047619,92.8326652391352,91.8988406740333,95.1314745333212,94.1877417883547
27.0357142857143,92.8322655904091,91.8983496392565,95.1310839442084,94.1872501040118
27.0416666666667,92.8318098740556,91.897783471644,95.1306319979279,94.1866852081715
27.047619047619,92.8313036173756,91.8971401881448,95.1301194227478,94.1860442434356
27.0535714285714,92.8307454225939,91.8964428537825,95.1295654004394,94.1853474615592
27.0595238095238,92.830139464096,91.8956940241756,95.1289699310028,94.1846005869579
27.0654761904762,92.8295010704258,91.8948908013116,95.1283304366938,94.1838008999511
27.0714285714286,92.8288302415835,91.8940496726283,95.1276558917984,94.1829593766076
27.077380952381,92.8281277544134,91.893176718667,95.1269564193971,94.1820873666311
27.0833333333333,92.8274026989384,91.8922719394277,95.1262320194899,94.1811848700215
27.0892857142857,92.8266570852393,91.8913334015798,95.1254827473751,94.1802490670666
27.0952380952381,92.8258909133162,91.8903779685527,95.1247155249749,94.1792921544163
27.1011904761905,92.825104183169,91.8894065540971,95.1239342221466,94.1783204461555
27.1071428571429,92.8242989507998,91.8884191582127,95.1231388388901,94.1773339422842
27.1130952380952,92.8234835720428,91.8874166677934,95.1223293752054,94.1763322634416
27.1190476190476,92.8226589360463,91.8864070714425,95.1215058310925,94.1753156365427
27.125,92.8218250428102,91.8853918138444,95.1206695344816,94.1742960071604
27.1309523809524,92.8209836826055,91.8843708949991,95.1198300453234,94.1732733752945
27.1369047619048,92.8201405128477,91.8833443149065,95.1189876480573,94.1722477409451
27.1428571428571,92.8192957321357,91.882311956487,95.1181423426831,94.1712191041122
27.1488095238095,92.8184493404694,91.8812808605948,95.1172932799613,94.1701872827617
27.1547619047619,92.8176013378488,91.8802534906082,95.1164444753326,94.1691592734841
27.1607142857143,92.8167520858107,91.8792298465271,95.1155991942186,94.1681361317699
27.1666666666667,92.8159068356235,91.8782099283517,95.1147574366194,94.1671178576189
27.172619047619,92.8150658023969,91.8771941479615,95.1139192025348,94.1661044510311
27.1785714285714,92.8142289861311,91.8761855607584,95.1130844919649,94.1650959120067
27.1845238095238,92.8133963868259,91.8751847843014,95.1122533049098,94.1640932061904
27.1904761904762,92.8125692961739,91.8741918185904,95.1114267192346,94.1630997405116
27.1964285714286,92.8117493090614,91.8732071278994,95.1106074566086,94.1621155638279
27.202380952381,92.8109364297417,91.8722339135057,95.1097956283586,94.1611406761394
27.2083333333333,92.810130658215,91.871270800853,95.1089912344846,94.1601750774462
27.2142857142857,92.8093339054644,91.8703177899412,95.1081942749867,94.159218767748
27.2202380952381,92.8085461784755,91.8693748807703,95.1074047498648,94.1582717470451
27.2261904761905,92.8077671676705,91.8684420733404,95.1066226591189,94.1573368414405
27.2321428571429,92.8069968730493,91.8675193676514,95.1058506043735,94.1564145626111
27.2380952380952,92.8062352946119,91.8666091521477,95.1050882374713,94.1555034525729
27.2440476190476,92.8054824323583,91.8657127898556,95.1043350088378,94.1546035113258
27.25,92.8047380890468,91.8648277285715,95.1035909184731,94.1537147388699
27.2559523809524,92.8040017346548,91.8639539682954,95.102855966377,94.1528371352051
27.2619047619048,92.803275962556,91.8630915090273,95.1021301525498,94.1519707003314
27.2678571428571,92.8025607727506,91.8622403507674,95.1014134769912,94.151114189792
27.2738095238095,92.8018564248231,91.8614004935154,95.1007093159527,94.1502702013669
27.2797619047619,92.801163090241,91.8605752771876,95.1000152589956,94.1494395152729
27.2857142857143,92.8004798368907,91.8597640350393,95.0993309036189,94.1486221315102
27.2916666666667,92.7998066647724,91.8589643539714,95.0986562498228,94.1478158330355
27.297619047619,92.7991450846803,91.8581762339836,95.0979912976071,94.1470225274985
27.3035714285714,92.7984953640605,91.8573996750762,95.0973360469719,94.14624251699
27.3095238095238,92.7978552293377,91.856634677249,95.0966904979171,94.1454758484524
27.3154761904762,92.7972246805118,91.8558812405021,95.0960585420355,94.1447230665035
27.3214285714286,92.7966037175828,91.8551407098417,95.0954361686363,94.1439825010059
27.327380952381,92.7959923405506,91.8544128230318,95.0948233631433,94.1432541519596
27.3333333333333,92.7953905494154,91.8536970521502,95.0942201255566,94.142541439444
27.3392857142857,92.7948012127305,91.852993397197,95.0936264558763,94.1418414749537
27.3452380952381,92.7942222003375,91.852303209587,95.0930423541023,94.1411526172696
27.3511904761905,92.7936524116311,91.851624832134,95.092468248438,94.1404748663917
27.3571428571429,92.7930918466114,91.8509581687716,95.0919070309462,94.1398082223201
27.3630952380952,92.7925405052785,91.850304244394,95.0913549378435,94.1391526850547
27.3690476190476,92.7919983876322,91.8496655358969,95.0908119691298,94.1385085241108
27.375,92.7914654936726,91.8490373836228,95.0902781248052,94.1378803977386
27.3809523809524,92.7909451295831,91.8484197875716,95.0897534048697,94.1372627786092
27.3869047619048,92.7904340461244,91.8478127477434,95.0892378093232,94.1366556667227
27.3928571428571,92.7899316465135,91.8472162641382,95.0887321548078,94.136059062079
27.3988095238095,92.7894379307503,91.8466303367559,95.0882382289545,94.1354729646782
27.4047619047619,92.7889528988348,91.8460577139807,95.0877528525625,94.1348973745201
27.4107142857143,92.7884765507671,91.8454977502205,95.0872760256318,94.1343331898431
27.4166666666667,92.7880088865471,91.8449477177138,95.0868077481623,94.1337834726855
27.422619047619,92.7875484880425,91.8444076164605,95.0863480201542,94.1332436290186
27.4285714285714,92.7870974170037,91.8438774464606,95.0858968416073,94.1327136588423
27.4345238095238,92.7866557312229,91.8433572077142,95.0854553458136,94.1321935621567
27.4404761904762,92.7862237141514,91.8428469002212,95.0850243478529,94.1316833389617
27.4464285714286,92.7858008468533,91.8423497378963,95.0846012963766,94.1311829892574
27.452380952381,92.785386374979,91.841863824942,95.0841861913846,94.1306938878435
27.4583333333333,92.7849802985285,91.8413872516076,95.0837790328769,94.1302177810677
27.4642857142857,92.7845849618967,91.840920017893,95.0833798208536,94.129750899244
27.4702380952381,92.784197804815,91.8404621237981,95.0829885553147,94.1292932423724
27.4761904761905,92.7838181709987,91.8400135693231,95.0826066477036,94.1288448104529
27.4821428571429,92.7834460604478,91.8395743544679,95.0822340924507,94.1284056034855
27.4880952380952,92.7830814731624,91.8391433580078,95.0818688848222,94.1279756214703
27.4940476190476,92.7827244091424,91.8387222419049,95.0815110248183,94.1275566465674
27.5,92.7823746553082,91.8383115172837,95.0811605124387,94.1271492741645
27.5059523809524,92.7820314283345,91.8379114806916,95.0808173476837,94.1267505050089
27.5119047619048,92.7816963014792,91.8375217007551,95.0804815305531,94.1263603391007
27.5178571428571,92.7813692747421,91.8371411437313,95.0801546687422,94.1259787764398
27.5238095238095,92.7810506613462,91.8367698096202,95.07983608324,94.1256058170263
27.5297619047619,92.7807395699201,91.8364110176079,95.0795243098833,94.1252414608601
27.5357142857143,92.7804357391364,91.8360608941389,95.079219348672,94.1248878322913
27.5416666666667,92.7801387830338,91.8357189666167,95.0789211996062,94.1245445294149
27.547619047619,92.7798481208832,91.8353852350414,95.0786298626858,94.1242092623607
27.5535714285714,92.7795649356246,91.8350596994129,95.0783453379109,94.1238820311286
27.5595238095238,92.7792892272578,91.8347423597313,95.0780686439367,94.1235628357188
27.5654761904762,92.7790213128186,91.8344334978518,95.0777991148159,94.1232516761311
27.5714285714286,92.7787602339066,91.8341338497219,95.0775361732048,94.1229485523657
27.577380952381,92.7785058852491,91.8338425686231,95.0772798191036,94.1226558840664
27.5833333333333,92.7782593541558,91.8335596545554,95.0770300525121,94.1223724174148
27.5892857142857,92.7780203687529,91.8332843011559,95.0767875740676,94.1220964729629
27.5952380952381,92.7777874616362,91.8330172402321,95.076552058988,94.1218280507108
27.6011904761905,92.7775606328058,91.8327588834466,95.0763227109051,94.1215671506585
27.6071428571429,92.7773398822615,91.8325094622141,95.0760995298191,94.121313772806
27.6130952380952,92.7771252100035,91.8322680390808,95.0758825157299,94.1210679171532
27.6190476190476,92.7769166160316,91.8320348468936,95.075672507406,94.1208321438172
27.625,92.7767160989057,91.8318122925029,95.0754698555221,94.120604543665
27.6309523809524,92.7765217693974,91.8315967836258,95.075272847023,94.1203840295039
27.6369047619048,92.7763331069276,91.8313883202622,95.0750814819087,94.1201706013336
27.6428571428571,92.7761501114962,91.8311869024123,95.0748957601792,94.1199642591544
27.6488095238095,92.7759727831033,91.830992530076,95.0747156818346,94.1197650029661
27.6547619047619,92.7758011217488,91.8308052032532,95.0745412468747,94.1195728327687
27.6607142857143,92.7756351274327,91.8306242706562,95.0743717623801,94.1193905933226
27.6666666666667,92.7754769727901,91.8304502718753,95.0742077548047,94.1192156381725
27.672619047619,92.7753243209104,91.8302841348508,95.0740498232948,94.1190473122987
27.6785714285714,92.7751770050305,91.8301260361252,95.0738980956484,94.1188856157011
27.6845238095238,92.7750350251504,91.8299757754735,95.073752384718,94.1187305483797
27.6904761904762,92.77489838127,91.8298325942085,95.0736122205365,94.1185821103346
27.6964285714286,92.7747670733893,91.8296967027246,95.0734776543258,94.1184403015658
27.702380952381,92.7746412008733,91.8295704631367,95.0733496782758,94.118308116366
27.7083333333333,92.7745227037375,91.8294505542093,95.0732268428501,94.1181824246436
27.7142857142857,92.7744092497399,91.8293369759425,95.0731091480486,94.1180629847011
27.7202380952381,92.7743008388803,91.8292297283363,95.0729965938713,94.1179497965385
27.7261904761905,92.7741974711589,91.8291288113906,95.0728891803183,94.1178428601557
27.7321428571429,92.7740991465755,91.8290342251055,95.0727864517498,94.1177421755529
27.7380952380952,92.7740058651302,91.8289473851854,95.072688823124,94.1176477946513
27.7440476190476,92.773917970897,91.8288685076839,95.07259666355,94.117561046672
27.75,92.7738368685106,91.8287956008373,95.072509970497,94.1174805827322
27.7559523809524,92.7737605072352,91.8287286646454,95.0724283225017,94.1174064028319
27.7619047619048,92.7736888870708,91.8286676991083,95.0723525791845,94.1173385069712
27.7678571428571,92.7736220080174,91.828612704226,95.0722823152328,94.1172774298528
27.7738095238095,92.7735598700748,91.8285636799985,95.0722166310673,94.1172231755093
27.7797619047619,92.7735024732433,91.8285223390153,95.072155526688,94.117174849504
27.7857142857143,92.7734503569507,91.8284881229759,95.0720990020948,94.1171324518371
27.7916666666667,92.7734043610484,91.8284595978391,95.0720470572878,94.1170959825083
27.797619047619,92.7733628737812,91.828436763605,95.0719996922671,94.1170673663656
27.8035714285714,92.7733258951488,91.8284196202736,95.0719585728996,94.1170448228223
27.8095238095238,92.7732934251514,91.8284081678447,95.0719218996249,94.1170277271018
27.8154761904762,92.773265463789,91.8284024063186,95.0718895337872,94.117016079204
27.8214285714286,92.7732420110615,91.8284043575327,95.0718614753865,94.117009879129
27.827380952381,92.7732237953516,91.8284127699333,95.0718377244227,94.1170091268767
27.8333333333333,92.7732111744289,91.8284265555177,95.0718182808959,94.1170139146819
27.8392857142857,92.7732028233013,91.8284457142858,95.0718032433553,94.1170267008945
27.8452380952381,92.7731987419688,91.8284702462377,95.0717940188632,94.1170446264614
27.8511904761905,92.7731989304315,91.8285001513733,95.0717889124385,94.1170676913826
27.8571428571429,92.7732033886894,91.8285354296927,95.0717879240812,94.1170958956582
27.8630952380952,92.7732121167423,91.8285782280912,95.0717910537914,94.117129239288
27.8690476190476,92.7732248105445,91.8286268293756,95.071798301569,94.1171677222722
27.875,92.7732417561121,91.8286805637056,95.0718096674141,94.1172112266048
27.8809523809524,92.7732634025978,91.8287394310813,95.0718254450737,94.1172595764547
27.8869047619048,92.7732897636809,91.8288034315026,95.0718466406826,94.1173136945492
27.8928571428571,92.7733204845259,91.8288725649696,95.0718717276913,94.117373643911
27.8988095238095,92.7733564521623,91.8289468314823,95.0719007060998,94.1174389672563
27.9047619047619,92.7733970492651,91.8290257632808,95.0719335759082,94.1175103678366
27.9107142857143,92.773441592411,91.8291103722394,95.0719703371163,94.1175871257774
27.9166666666667,92.7734900816,91.8292008313973,95.0720109897243,94.1176688421677
27.922619047619,92.7735425168321,91.8292967584141,95.0720559783086,94.1177555170075
27.9285714285714,92.7735988981073,91.8293989344641,95.072105900182,94.1178471502967
27.9345238095238,92.7736592439997,91.8295074383704,95.0721595375104,94.1179458529955
27.9404761904762,92.7737251530006,91.8296206510083,95.0722168902935,94.1180492506944
27.9464285714286,92.7737947928896,91.8297385723778,95.0722779585315,94.118157169378
27.952380952381,92.7738681636667,91.8298612024791,95.0723427422243,94.1182696090463
27.9583333333333,92.7739452653319,91.8299885413119,95.072411241372,94.1183865696994
27.9642857142857,92.7740260978852,91.8301205888765,95.0724839740158,94.1185080513372
27.9702380952381,92.7741106613266,91.8302588526055,95.0725611448427,94.1186343235306
27.9761904761905,92.7741990358329,91.8304020304291,95.0726418847896,94.1187662857732
27.9821428571429,92.7742916543499,91.8305497718111,95.0727261938567,94.1189027732193
27.9880952380952,92.7743880480042,91.8307020767514,95.0728140720438,94.1190437858689
27.9940476190476,92.7744882167956,91.8308589452501,95.0729055193511,94.1191893237219
28,92.7745921607243,91.8310203773072,95.0730005357784,94.1193393867784
28,92.7745921607243,91.8310203773072,95.0730005357784,94.1193393867784
28.0059523809524,92.7746440017613,91.8311111426099,95.073044208931,94.1194205630415
28.0119047619048,92.7745904643843,91.8310659021479,95.0729895234056,94.1193686452456
28.0178571428571,92.7744523082729,91.8308966603736,95.0728398706169,94.1191970465054
28.0238095238095,92.7742273286058,91.8306199979167,95.0726154905501,94.118915246664
28.0297619047619,92.7739266325367,91.8302503555655,95.0723183300405,94.1185396459079
28.0357142857143,92.7735635351299,91.8297901515273,95.0719467358069,94.1180827144105
28.0416666666667,92.7731362646848,91.8292523104201,95.0715215725141,94.1175415693438
28.047619047619,92.7726512746125,91.8286459044226,95.0710445245454,94.1169362917344
28.0535714285714,92.7721235782919,91.8279719045624,95.0705125635386,94.116274049427
28.0595238095238,92.7715531757232,91.8272522655949,95.0699386733742,94.1155518483801
28.0654761904762,92.7709369722035,91.8264877440539,95.0693310747941,94.1147835710987
28.0714285714286,92.770289496411,91.8256755236807,95.0686897677983,94.1139790555905
28.077380952381,92.7696160465619,91.824828790435,95.0680117975121,94.1131383018557
28.0833333333333,92.7689166226561,91.8239557999665,95.0673087752698,94.1122585758814
28.0892857142857,92.7681886424784,91.8230565522751,95.0665871034467,94.111357035383
28.0952380952381,92.7674409136378,91.8221282176655,95.0658467820429,94.1104362075989
28.1011904761905,92.7666807219631,91.8211836305132,95.0650878110584,94.1094960925292
28.1071428571429,92.7659080674543,91.8202275248976,95.064315825565,94.1085342212345
28.1130952380952,92.7651229501114,91.8192599008189,95.063535110084,94.107560979203
28.1190476190476,92.7643234678176,91.818280758277,95.0627455300871,94.1065815097663
28.125,92.763516965219,91.81729262892,95.0619470855742,94.1055958129242
28.1309523809524,92.762707995672,91.8163024072028,95.0611397765453,94.1046038886768
28.1369047619048,92.7618965591767,91.8153101014441,95.0603233588881,94.1036046740933
28.1428571428571,92.7610826557329,91.8143157116438,95.0595040647091,94.1026048004212
28.1488095238095,92.7602662853407,91.813319237802,95.0586849813626,94.1016076957411
28.1547619047619,92.7594471015308,91.8123212431689,95.0578661088485,94.1006133600529
28.1607142857143,92.7586308560461,91.8113274423339,95.057047447167,94.0996217933568
28.1666666666667,92.7578187297242,91.8103389951354,95.0562295045843,94.0986329956526
28.172619047619,92.7570107225652,91.8093559015731,95.0554167755256,94.0976478872086
28.1785714285714,92.756206834569,91.8083781506563,95.0546092744542,94.0966704664707
28.1845238095238,92.7554070657357,91.8074053621298,95.0538070013701,94.095701194385
28.1904761904762,92.7546114160652,91.8064417727927,95.0530099562733,94.0947400709516
28.1964285714286,92.7538218969893,91.8054873826449,95.0522181391639,94.0937870961704
28.202380952381,92.7530401520117,91.8045421916865,95.0514320410542,94.0928422700414
28.2083333333333,92.7522661170661,91.8036075040551,95.0506543577665,94.0919055925646
28.2142857142857,92.7514997921527,91.8026834809508,95.0498848359257,94.09098029554
28.2202380952381,92.7507411772713,91.8017699510348,95.0491234755318,94.0900665750696
28.2261904761905,92.749990272422,91.800866914307,95.0483702765847,94.0891636326064
28.2321428571429,92.7492470776048,91.7999772035259,95.0476252390845,94.0882714681503
28.2380952380952,92.7485151080576,91.799100193671,95.0468883630312,94.0873900817014
28.2440476190476,92.7477923691617,91.7982343689108,95.0461590150788,94.0865194732596
28.25,92.7470788288839,91.7973797292452,95.0454383526569,94.0856596428251
28.2559523809524,92.7463744872241,91.7965362746744,95.0447280121391,94.0848099235319
28.2619047619048,92.7456793441824,91.7957040051982,95.0440279935253,94.0839729764998
28.2678571428571,92.7449933997588,91.7948829208167,95.0433388096672,94.0831492962956
28.2738095238095,92.744317032919,91.7940783739668,95.0426600390778,94.0823383728943
28.2797619047619,92.7436535064535,91.7932857488445,95.0419912946254,94.0815421134288
28.2857142857143,92.7429995708319,91.7925046284144,95.0413325763099,94.0807605015562
28.2916666666667,92.7423552260542,91.7917350126765,95.0406867121321,94.0799905620213
28.297619047619,92.7417204721204,91.7909769016308,95.0400511362116,94.0792322948241
28.3035714285714,92.7410953090306,91.7902302952773,95.0394252182804,94.0784856999646
28.3095238095238,92.7404797367846,91.789495279407,95.0388089583386,94.0777507774428
28.3154761904762,92.7398733726139,91.7887738142679,95.0382023563862,94.0770275272586
28.3214285714286,92.7392758499713,91.7880644929817,95.0376054124232,94.0763150882272
28.327380952381,92.7386890989183,91.7873673155483,95.0370187137662,94.0756155940184
28.3333333333333,92.7381131194549,91.7866816560083,95.0364448790775,94.0749293869254
28.3392857142857,92.7375468521636,91.7860070239726,95.0358804063496,94.0742556386609
28.3452380952381,92.7369902330029,91.7853452182688,95.0353252955825,94.0735977003881
28.3511904761905,92.7364441615955,91.7846962388967,95.0347795467761,94.0729521884812
28.3571428571429,92.7359086379413,91.7840605343313,95.0342431599306,94.0723176788506
28.3630952380952,92.7353840381262,91.78343709186,95.0337161350458,94.0716941714961
28.3690476190476,92.7348691833094,91.7828252069875,95.0331979918285,94.0710816664179
28.375,92.7343639319345,91.7822243249424,95.0326884783421,94.0704801636159
28.3809523809524,92.7338673491834,91.7816338823045,95.0321891705569,94.0698905815275
28.3869047619048,92.7333802110998,91.7810555473795,95.0317000684729,94.0693160445518
28.3928571428571,92.7329030099174,91.7804893201674,95.0312215979331,94.0687518750599
28.3988095238095,92.7324360099706,91.7799336683324,95.0307525519973,94.0681980730516
28.4047619047619,92.7319785165554,91.7793891076851,95.0302926873859,94.0676546385271
28.4107142857143,92.7315300370046,91.77885627454,95.0298429090842,94.0671215714863
28.4166666666667,92.7310916460718,91.7783350043441,95.0294041930215,94.0665988719292
28.422619047619,92.7306639139874,91.7778237676256,95.0289737340004,94.066088155041
28.4285714285714,92.7302442727296,91.7773238318012,95.0285515320206,94.065590926991
28.4345238095238,92.7298327222984,91.7768352162383,95.0281375870824,94.0651033764578
28.4404761904762,92.7294292626938,91.7763582540659,95.0277318991855,94.0646255034413
28.4464285714286,92.7290338939159,91.7758915119017,95.0273344683302,94.0641573079416
28.452380952381,92.7286466159645,91.7754349897457,95.0269443878314,94.0636987899587
28.4583333333333,92.7282682086542,91.7749927613294,95.0265624578163,94.0632499494925
28.4642857142857,92.7278982298572,91.7745596619652,95.0261893836858,94.0628128201263
28.4702380952381,92.7275363136537,91.7741356240971,95.0258252987093,94.0623876613092
28.4761904761905,92.7271824600438,91.7737206477252,95.0254700806113,94.0619715537497
28.4821428571429,92.7268373647994,91.7733147328494,95.0251228055836,94.0615644974477
28.4880952380952,92.7265001708297,91.7729178794697,95.0247834736262,94.0611664924033
28.4940476190476,92.7261706336509,91.772529484172,95.0244542071966,94.0607775386164
28.5,92.725848753263,91.7721497792365,95.0241327307952,94.0603976360872
28.5059523809524,92.7255332571859,91.7717801877685,95.0238183534304,94.060029169579
28.5119047619048,92.725225490959,91.7714207097681,95.023511075102,94.059671370436
28.5178571428571,92.7249256603475,91.7710718617744,95.0232108958101,94.0593220163396
28.5238095238095,92.7246339992359,91.7707320815246,95.0229178155546,94.0589811072898
28.5297619047619,92.7243500628092,91.7704013079897,95.0226320535931,94.0586486432865
28.5357142857143,92.7240732683521,91.7700815600638,95.0223547507264,94.0583246243297
28.5416666666667,92.7238036158647,91.7697718539536,95.0220842954655,94.0580090504195
28.547619047619,92.7235433431167,91.7694701842838,95.0218206878104,94.0577045819694
28.5535714285714,92.7232896874311,91.7691765510544,95.021563927761,94.0574095805539
28.5595238095238,92.7230424714249,91.7688909542653,95.0213140401454,94.0571224688426
28.5654761904762,92.7228016950983,91.7686133939167,95.0210722335595,94.0568432468357
28.5714285714286,92.7225673584512,91.7683438700086,95.0208368819489,94.0565719145331
28.577380952381,92.7223394614836,91.7680811589559,95.0206079853133,94.0563084719348
28.5833333333333,92.7221187848378,91.767827126099,95.0203855436529,94.0560529190408
28.5892857142857,92.7219063031392,91.7675819867324,95.0201695569677,94.0558082487563
28.5952380952381,92.7216998093039,91.7673460916038,95.0199620982968,94.0555719803965
28.6011904761905,92.7214993033321,91.767118694721,95.019760768112,94.0553430726925
28.6071428571429,92.7213047852236,91.7668992722653,95.0195653265705,94.0551215256443
28.6130952380952,92.7211162549785,91.7666884649557,95.0193757736722,94.0549073392519
28.6190476190476,92.7209337125968,91.7664880041945,95.0191921094173,94.0547005135154
28.625,92.720758161759,91.7662946680792,95.0190143338056,94.0545010484347
28.6309523809524,92.7205898644475,91.7661084566099,95.018842786511,94.0543120240343
28.6369047619048,92.7204272222211,91.7659293697865,95.0186790105416,94.0541304594268
28.6428571428571,92.7202702350801,91.765757407609,95.0185207436451,94.0539558378623
28.6488095238095,92.7201189030243,91.7655925700775,95.0183679858213,94.0537881593411
28.6547619047619,92.7199732260537,91.7654367700219,95.0182207370704,94.0536274238629
28.6607142857143,92.7198332041684,91.7652894702151,95.0180789973922,94.0534736314278
28.6666666666667,92.7197001146166,91.7651488845631,95.0179427667868,94.0533267820359
28.672619047619,92.7195736168151,91.765015013066,95.0178126457188,94.0531900953581
28.6785714285714,92.719452407208,91.7648878557237,95.0176895507088,94.0530600325133
28.6845238095238,92.7193364857952,91.7647674125362,95.0175716155757,94.052936497578
28.6904761904762,92.7192258525768,91.7646536835036,95.0174588403197,94.0528194905523
28.6964285714286,92.7191205075527,91.7645490046225,95.0173512249406,94.0527090114361
28.702380952381,92.7190204507231,91.7644519411662,95.0172487694386,94.0526050602296
28.7083333333333,92.7189270673308,91.7643612140718,95.0171514738135,94.0525079103766
28.7142857142857,92.7188395835321,91.7642768233393,95.0170601154628,94.0524201824059
28.7202380952381,92.718757116809,91.7641987689687,95.0169750652026,94.0523385870781
28.7261904761905,92.7186796671616,91.7641270509601,95.0168948852052,94.0522631243932
28.7321428571429,92.7186072345898,91.7640616693133,95.0168195754705,94.0521937943513
28.7380952380952,92.7185398190936,91.7640020728694,95.0167491359985,94.0521305969524
28.7440476190476,92.718477420673,91.7639493506557,95.0166835667891,94.0520735321963
28.75,92.7184209237938,91.7639038467311,95.0166228678425,94.0520231939117
28.7559523809524,92.718369697158,91.7638653446147,95.0165679893432,94.0519813327328
28.7619047619048,92.7183234064499,91.7638333880171,95.0165188285119,94.0519452730423
28.7678571428571,92.7182820516693,91.7638100088968,95.0164742606721,94.0519150148403
28.7738095238095,92.7182456328163,91.7637931784641,95.0164342858237,94.0518905581267
28.7797619047619,92.7182148282777,91.7637821314948,95.0163989039669,94.0518719029017
28.7857142857143,92.718189133501,91.7637768679889,95.0163681151016,94.051859049165
28.7916666666667,92.7181681162923,91.7637773879463,95.0163419192278,94.0518517499844
28.797619047619,92.7181517766517,91.7637836913672,95.0163214363837,94.0518501010103
28.8035714285714,92.7181401145791,91.7637962810003,95.0163061429966,94.0518549182243
28.8095238095238,92.7181327506275,91.7638170616314,95.0162951852657,94.0518662777463
28.8154761904762,92.7181299906752,91.7638433045752,95.0162885631909,94.0518836163874
28.8214285714286,92.7181322331241,91.7638750098317,95.0162862767723,94.0519083683522
28.827380952381,92.7181395177816,91.7639121774009,95.0162883260098,94.0519395509364
28.8333333333333,92.7181514311148,91.7639548072828,95.0162947109035,94.0519760045757
28.8392857142857,92.7181684756898,91.7640028994774,95.0163066406502,94.0520177292704
28.8452380952381,92.7181904137127,91.7640572805349,95.0163232692035,94.0520647250203
28.8511904761905,92.7182166962548,91.7641189798011,95.0163440224759,94.0521169918254
28.8571428571429,92.7182473233162,91.7641858987326,95.0163689004673,94.0521745446027
28.8630952380952,92.7182822948968,91.7642580373294,95.0163979031777,94.0522400096854
28.8690476190476,92.7183220171145,91.7643353955916,95.0164310306072,94.0523104481106
28.875,92.7183664001189,91.7644179735191,95.0164682827558,94.0523858598783
28.8809523809524,92.7184149456473,91.764505771112,95.0165109964855,94.0524662449885
28.8869047619048,92.7184676536998,91.7645999179096,95.016557978641,94.0525516034413
28.8928571428571,92.7185245242762,91.7647007623657,95.0166088724389,94.0526419352365
28.8988095238095,92.7185862561488,91.7648065395213,95.0166636778792,94.0527375844732
28.9047619047619,92.7186528432874,91.7649172493765,95.0167223949618,94.0528402654864
28.9107142857143,92.7187233018769,91.7650328919312,95.0167850236868,94.0529477047205
28.9166666666667,92.7187976319171,91.7651534671855,95.0168515640541,94.0530599021755
28.922619047619,92.7188758334081,91.7652789751393,95.0169234743991,94.0531768578515
28.9285714285714,92.7189579063499,91.7654090984684,95.0169992575531,94.0532985717484
28.9345238095238,92.7190438507425,91.7655443354615,95.0170787577217,94.0534250438661
28.9404761904762,92.7191342476196,91.7656852034964,95.017161974905,94.0535561037801
28.9464285714286,92.7192287954474,91.7658315135515,95.0172489091028,94.0536917521037
28.952380952381,92.7193272096822,91.7659831403621,95.0173395603153,94.0538327342642
28.9583333333333,92.7194294903242,91.7661416428928,95.0174339552596,94.0539790124591
28.9642857142857,92.7195356373733,91.7663047349344,95.0175336209615,94.0541302304541
28.9702380952381,92.7196451234528,91.7664724164869,95.017636817113,94.0542858049578
28.9761904761905,92.7197585096198,91.7666446875502,95.0177435437142,94.0544464424061
28.9821428571429,92.7198759789226,91.7668215481245,95.017853800765,94.0546122437818
28.9880952380952,92.7199975402386,91.7670029982097,95.0179675882653,94.0547828499163
28.9940476190476,92.7201231362111,91.767189126295,95.0180849062154,94.0549580662033
29,92.7202525157981,91.767380148005,95.018205754615,94.0551381182925
29,92.7202525157981,91.767380148005,95.018205754615,94.0551381182925
29.0059523809524,92.7203297413906,91.7675007447083,95.01827555631,94.0552491453699
29.0119047619048,92.7203014942139,91.7674819810114,95.018246028636,94.0552263870136
29.0178571428571,92.7201885244488,91.7673483844357,95.0181276484024,94.05508472343
29.0238095238095,92.7199885984601,91.767098582262,95.0179265436669,94.0548345815826
29.0297619047619,92.7197129200004,91.7667574310374,95.0176521165873,94.0544937875575
29.0357142857143,92.7193747958594,91.7663282091617,95.0173065759308,94.0540599544221
29.0416666666667,92.718974003289,91.7658165757337,95.0169039210431,94.0535538437058
29.047619047619,92.718517383943,91.7652431170778,95.0164520896279,94.0529819315971
29.0535714285714,92.7180126681394,91.7646067651237,95.0159510816853,94.0523414370676
29.0595238095238,92.7174646434298,91.7639110680833,95.0154075346421,94.0516525628507
29.0654761904762,92.7168753008343,91.7631751205497,95.0148257981837,94.0509197399558
29.0714285714286,92.7162533663555,91.7623989225231,95.014205562016,94.0501405941671
29.077380952381,92.715595023517,91.7615795363513,95.0135556976531,94.0493235771699
29.0833333333333,92.7149148616872,91.7607325570715,95.0128796756889,94.0484811119248
29.0892857142857,92.7142158773512,91.7598629517657,95.0121831112981,94.047613198432
29.0952380952381,92.7134980705088,91.7589707204339,95.0114687924146,94.0467179807636
29.1011904761905,92.712761439717,91.7580533125475,95.0107367190384,94.0458012925962
29.1071428571429,92.7120111119985,91.7571228638784,95.0099868911695,94.0448737530536
29.1130952380952,92.7112519279045,91.7561835646419,95.0092202946184,94.0439353621357
29.1190476190476,92.7104838874351,91.755235414838,95.0084467303639,94.0429861198425
29.125,92.7097069905901,91.7542784144667,95.0076665780929,94.0420262084256
29.1309523809524,92.7089212373698,91.7533133782296,95.0068798378055,94.0410628818828
29.1369047619048,92.7081254736646,91.7523478616044,95.0060877278695,94.0400980554421
29.1428571428571,92.707329114605,91.7513824252413,95.0052946223255,94.0391317291036
29.1488095238095,92.7065345266884,91.7504170691403,95.0045007745365,94.0381639028673
29.1547619047619,92.7057417099147,91.7494517933013,95.0037061845025,94.0371945767332
29.1607142857143,92.704950664284,91.7484865801818,95.00291078471,94.0362263366772
29.1666666666667,92.7041613897961,91.7475252672164,95.0021167977227,94.0352639865852
29.172619047619,92.7033738864512,91.7465705730592,95.0013273202671,94.0343075267413
29.1785714285714,92.7025896299967,91.74562249771,95.000542352343,94.0333569571457
29.1845238095238,92.7018118245826,91.7446810411691,94.9997618939506,94.0324129158138
29.1904761904762,92.7010405562357,91.7437480239531,94.9989854365992,94.0314786305781
29.1964285714286,92.7002758249563,91.7428251474783,94.9982145702862,94.0305537674655
29.202380952381,92.6995176307441,91.7419118487959,94.9974512074723,94.0296383264759
29.2083333333333,92.6987659735992,91.741008127906,94.9966953481577,94.0287323076095
29.2142857142857,92.6980208535217,91.7401139848085,94.9959465678642,94.0278357108661
29.2202380952381,92.6972857218957,91.7392294195034,94.9952052390152,94.0269485362459
29.2261904761905,92.6965593269236,91.7383544319908,94.9944728237678,94.0260725381493
29.2321428571429,92.6958416581932,91.7374938338254,94.9937482573825,94.0252088690036
29.2380952380952,92.6951327157045,91.7366448814893,94.9930329006378,94.0243564818492
29.2440476190476,92.6944324994575,91.7358070491074,94.9923272932544,94.0235153766861
29.25,92.6937410094521,91.7349803366798,94.9916316608841,94.0226855535142
29.2559523809524,92.6930586065782,91.7341647442065,94.9909458213306,94.0218670123337
29.2619047619048,92.6923885351348,91.7333602716875,94.9902725051864,94.0210583008941
29.2678571428571,92.6917280234715,91.7325669651279,94.989609062082,94.0202623995114
29.2738095238095,92.6910770715882,91.7317906334568,94.9889552940053,94.0194796488584
29.2797619047619,92.6904356794849,91.7310258460334,94.9883112009563,94.0187100174279
29.2857142857143,92.6898038471617,91.7302726028577,94.987676782935,94.0179516582176
29.2916666666667,92.6891815746185,91.7295309039298,94.9870520399413,94.0172065307882
29.297619047619,92.6885697261082,91.7288007492496,94.9864383648089,94.0164748628353
29.3035714285714,92.6879706488574,91.7280821388172,94.9858368197648,94.0157559254612
29.3095238095238,92.6873811208783,91.7273748020823,94.9852449178465,94.0150513403026
29.3154761904762,92.6868011421708,91.7266778817092,94.9846626590541,94.0143616030089
29.3214285714286,92.6862307127349,91.725994134663,94.9840900433875,94.0136832707941
29.327380952381,92.6856698325707,91.7253235609435,94.9835270708468,94.0130163436582
29.3333333333333,92.6851185016782,91.7246666077588,94.982973741432,94.0123608216013
29.3392857142857,92.6845761587549,91.7240231881905,94.982429191057,94.0117167046233
29.3452380952381,92.6840428480686,91.7233915863135,94.9818941018802,94.0110839927242
29.3511904761905,92.6835201162103,91.7227718021278,94.981369608924,94.0104612506083
29.3571428571429,92.6830079631799,91.7221645519367,94.9808557121882,94.0098506599701
29.3630952380952,92.6825068707576,91.7215697815601,94.9803529228812,94.0092527215121
29.3690476190476,92.6820157133199,91.7209863639731,94.9798598617543,94.0086676406037
29.375,92.681534087249,91.7204142991759,94.979376403112,94.008095582219
29.3809523809524,92.6810620983868,91.7198526782119,94.978902874972,94.0075348431847
29.3869047619048,92.6806027419386,91.7193016997686,94.978439577686,94.006985423501
29.3928571428571,92.6801520097834,91.7187626807867,94.9779855084158,94.0064497387917
29.3988095238095,92.6797099019212,91.7182356212664,94.9775406671613,94.0059267891384
29.4047619047619,92.679276418352,91.7177187327928,94.9771054763208,94.0054139804276
29.4107142857143,92.6788515590758,91.7172129732239,94.9766798171833,94.0049113126592
29.4166666666667,92.6784353240926,91.7167188204698,94.9762629889696,94.0044187858333
29.422619047619,92.6780290239016,91.7162363752854,94.9758549916799,94.0039363999498
29.4285714285714,92.6776332724163,91.7157657001299,94.9754575611569,94.0034641550087
29.4345238095238,92.6772455451499,91.7153054441403,94.9750696356431,94.0030061050468
29.4404761904762,92.6768658421023,91.7148557193046,94.9746896850691,94.0025583514875
29.4464285714286,92.6764941632735,91.7144204189528,94.9743177094349,94.0021200872947
29.452380952381,92.6761305086636,91.7139943779666,94.9739537087405,94.0016913124685
29.4583333333333,92.6757748782725,91.7135775963459,94.9735976829859,94.0012720270088
29.4642857142857,92.6754278255356,91.7131700740909,94.9732496321711,94.0008622309156
29.4702380952381,92.675089369759,91.7127718112014,94.972912222765,94.000461924189
29.4761904761905,92.6747589224898,91.7123828076776,94.9725826111677,94.0000754580709
29.4821428571429,92.6744364837283,91.7120023656418,94.972260404704,93.9996980355282
29.4880952380952,92.6741225771179,91.7116308115746,94.9719456033738,93.9993294897307
29.4940476190476,92.6738167251322,91.7112695128784,94.9716382071771,93.9989698206783
29.5,92.6735184775795,91.7109184695534,94.971338216114,93.998619028371
29.5059523809524,92.67322783446,91.7105758332354,94.9710456461516,93.9982771128088
29.5119047619048,92.6729466663817,91.7102429262925,94.9707633287763,93.9979444129069
29.5178571428571,92.6726733054655,91.7099199581196,94.970487870518,93.9976244606124
29.5238095238095,92.6724067920835,91.7096071411083,94.9702192713767,93.9973128006469
29.5297619047619,92.6721471262357,91.7093039192654,94.9699575313525,93.9970094330105
29.5357142857143,92.6718943079222,91.7090096527209,94.9697026504453,93.9967143577031
29.5416666666667,92.6716483371429,91.7087262944746,94.9694546286551,93.9964275747247
29.547619047619,92.6714092138978,91.7084530212272,94.9692137856268,93.9961490840754
29.5535714285714,92.671179746031,91.7081876660796,94.9689820415585,93.9958796560902
29.5595238095238,92.6709566366612,91.7079302290316,94.9687566839863,93.9956216084997
29.5654761904762,92.6707398856925,91.7076807100833,94.9685377129101,93.9953713310186
29.5714285714286,92.6705294931248,91.7074391092347,94.96832512833,93.9951288236469
29.577380952381,92.6703254589581,91.7072054264858,94.9681189302459,93.9948940863846
29.5833333333333,92.6701277831924,91.7069831908468,94.9679191186579,93.9946671192316
29.5892857142857,92.6699368226945,91.7067688954386,94.9677253849615,93.9944479221879
29.5952380952381,92.669754457364,91.7065620640966,94.9675372468944,93.9942360372085
29.6011904761905,92.669578049422,91.7063626968207,94.9673559484105,93.9940313644409
29.6071428571429,92.6694075988683,91.7061707936109,94.9671814895096,93.9938352952751
29.6130952380952,92.669243105703,91.7059863544673,94.9670141241873,93.9936478877732
29.6190476190476,92.669084569926,91.7058094388323,94.9668530121736,93.9934692990821
29.625,92.6689319915374,91.7056436747996,94.9666980869878,93.9932984300991
29.6309523809524,92.6687859958136,91.7054849686831,94.9665505382556,93.9931352808241
29.6369047619048,92.6686477418244,91.7053333204828,94.9664096392908,93.9929824756302
29.6428571428571,92.6685150691337,91.7051887301987,94.9662743137295,93.9928370161136
29.6488095238095,92.6683879777414,91.7050511978308,94.9661445615716,93.9926984167085
29.6547619047619,92.6682664676475,91.7049207233791,94.9660203828172,93.992566677415
29.6607142857143,92.6681505388521,91.7047977834007,94.9659017774663,93.9924417982332
29.6666666666667,92.668040191355,91.7046849730913,94.9657887455188,93.9923237791629
29.672619047619,92.667936273907,91.7045788238633,94.965683215397,93.9922129781042
29.6785714285714,92.6678393184798,91.7044793357165,94.9655830995552,93.9921102855269
29.6845238095238,92.6677476158736,91.704386508651,94.9654881994319,93.9920144199084
29.6904761904762,92.6676611660886,91.7043003426667,94.9653985150272,93.9919253812487
29.6964285714286,92.6675799691246,91.7042208377637,94.9653140463412,93.9918431695478
29.702380952381,92.6675040249816,91.7041477744881,94.9652347933738,93.9917684988523
29.7083333333333,92.6674333336598,91.7040811582352,94.9651608423269,93.9917010685353
29.7142857142857,92.6673684976514,91.7040220412382,94.9650941253389,93.9916401113416
29.7202380952381,92.6673095623989,91.7039705602521,94.9650322862393,93.9915856272711
29.7261904761905,92.6672557838534,91.7039260790334,94.9649753250282,93.9915376163238
29.7321428571429,92.6672071620149,91.7038890733646,94.9649232417055,93.9914983405643
29.7380952380952,92.6671636968834,91.7038608442956,94.9648760362713,93.991465573205
29.7440476190476,92.6671258329776,91.7038386676398,94.9648337087255,93.9914387055372
29.75,92.6670935922503,91.7038225433971,94.9647965480429,93.9914177375612
29.7559523809524,92.6670662670192,91.7038124715676,94.9647657985299,93.9914026692767
29.7619047619048,92.6670438572845,91.7038084521513,94.964739687206,93.9913935006839
29.7678571428571,92.6670263630461,91.7038104851481,94.9647182140712,93.9913904110298
29.7738095238095,92.6670145175543,91.7038205187391,94.9647013791254,93.9913958183433
29.7797619047619,92.6670085922422,91.7038375579501,94.9646891823687,93.9914068356039
29.7857142857143,92.6670071936593,91.7038602929435,94.964681623801,93.9914234628116
29.7916666666667,92.6670103218055,91.7038887237192,94.9646789749608,93.9914456999665
29.797619047619,92.6670179766807,91.7039228502772,94.9646816991617,93.9914735470684
29.8035714285714,92.6670301582851,91.7039626726176,94.9646889716819,93.9915070041175
29.8095238095238,92.6670468666186,91.7040081907403,94.9647007925213,93.9915465956035
29.8154761904762,92.6670687659651,91.7040589345419,94.96471716168,93.9915940106731
29.8214285714286,92.6670955956958,91.7041158489294,94.9647383161845,93.9916467216808
29.827380952381,92.6671269102708,91.7041792865473,94.9647645654484,93.9917047286268
29.8333333333333,92.6671627096899,91.7042489649948,94.9647951423204,93.9917680315111
29.8392857142857,92.6672029939533,91.7043245660807,94.9648300468005,93.9918366303336
29.8452380952381,92.6672483399521,91.704407152114,94.9648692788887,93.9919105250943
29.8511904761905,92.6672983366795,91.7044952961556,94.9649132860001,93.9919904825066
29.8571428571429,92.6673526268139,91.7045889762588,94.9649626986012,93.9920774567268
29.8630952380952,92.6674112103552,91.7046881924238,94.9650161128746,93.9921694904295
29.8690476190476,92.6674740873034,91.7047935138057,94.9650735288204,93.9922665836148
29.875,92.6675423677851,91.7049046671887,94.9651349464385,93.9923687362825
29.8809523809524,92.6676152132856,91.7050211277259,94.965200365729,93.9924759484329
29.8869047619048,92.6676920509324,91.7051428954173,94.9652697866918,93.9925882200657
29.8928571428571,92.6677728807255,91.7052702275773,94.9653427696302,93.9927066254932
29.8988095238095,92.6678577026647,91.7054047184793,94.9654195852876,93.9928314878874
29.9047619047619,92.6679465167502,91.7055440855525,94.9655007654214,93.9929611127736
29.9107142857143,92.668039322982,91.705688328797,94.9655863100317,93.9930955001517
29.9166666666667,92.6681369641325,91.7058374482127,94.9656758607795,93.9932346500218
29.922619047619,92.6682386477064,91.7059914437996,94.9657690721475,93.9933785623839
29.9285714285714,92.6683443017086,91.7061503155577,94.9658665304718,93.9935272372379
29.9345238095238,92.6684539261389,91.7063137994438,94.9659682357523,93.9936819998544
29.9404761904762,92.6685675958242,91.7064821322838,94.9660742752364,93.9938425983668
29.9464285714286,92.6686858140234,91.7066559404409,94.9661846018298,93.9940077156848
29.952380952381,92.668807860953,91.7068351323944,94.9662987672896,93.9941773518083
29.9583333333333,92.668933736613,91.7070193684159,94.9664167716161,93.9943515067374
29.9642857142857,92.6690634410034,91.7072107857341,94.9665391306143,93.9945301804721
29.9702380952381,92.6691972332645,91.7074067519725,94.9666654147761,93.9947133730123
29.9761904761905,92.6693353986833,91.7076071505817,94.9667953086542,93.9949017472383
29.9821428571429,92.6694772158276,91.7078119815618,94.9669288122485,93.9950950929836
29.9880952380952,92.6696226846973,91.7080212449128,94.967065925559,93.9952930159856
29.9940476190476,92.6697718052924,91.7082349406347,94.967206689033,93.9954955162443
30,92.669924577613,91.7084530687274,94.9673511739499,93.9957025937596
30,92.669924577613,91.7084530687274,94.9673511739499,93.9957025937596
30.0059523809524,92.670025108487,91.7085999270784,94.9674446961543,93.9958404594442
30.0119047619048,92.6700201203214,91.7086116314387,94.9674370180328,93.9958445073484
30.0178571428571,92.669930382451,91.7085012884463,94.9673433713166,93.9957296325003
30.0238095238095,92.6697571861222,91.7082811926752,94.9671615377597,93.9955062551734
30.0297619047619,92.6695095571428,91.7079632288491,94.966911818433,93.9951922079788
30.0357142857143,92.66919094594,91.7075544831362,94.966597356668,93.9947917874834
30.0416666666667,92.6688085952185,91.7070704265779,94.9662152561995,93.9943147268197
30.047619047619,92.6683715391937,91.7065229608205,94.9657832874434,93.9937650203019
30.0535714285714,92.6678916432091,91.7059095939055,94.9653065127381,93.9931533268923
30.0595238095238,92.667368907265,91.7052414960195,94.9647843637482,93.9924852510858
30.0654761904762,92.6668002909637,91.7045318804575,94.9642170364756,93.9917772545828
30.0714285714286,92.6662000244295,91.7037807472193,94.9636220137769,93.9910293373831
30.077380952381,92.6655738346831,91.7029857621015,94.9629992956523,93.9902385690638
30.0833333333333,92.6649217217248,91.702166013857,94.9623488821017,93.9894180269449
30.0892857142857,92.664244981456,91.7013227917251,94.9616762815403,93.9885754169298
30.0952380952381,92.6635519287412,91.7004560957058,94.9609873444534,93.9877107390187
30.1011904761905,92.6628439343996,91.6995637520227,94.9602819535251,93.9868218628022
30.1071428571429,92.6621209984313,91.6986605076602,94.9595601087556,93.9859163519168
30.1130952380952,92.6613831208362,91.6977478096447,94.9588218101447,93.9850025167821
30.1190476190476,92.6606295876052,91.696825657976,94.958068601042,93.9840803573981
30.125,92.6598686267469,91.6958933905408,94.9573101216998,93.9831498737649
30.1309523809524,92.6591043717325,91.6949531290136,94.9565467406239,93.9822096643716
30.1369047619048,92.6583368225621,91.6940134540303,94.9557784578144,93.9812667638978
30.1428571428571,92.6575659792355,91.6930743655907,94.9550039878332,93.9803253071891
30.1488095238095,92.6567909878631,91.6921358636951,94.9542308618575,93.9793852942456
30.1547619047619,92.6560181924989,91.6911979483432,94.9534599640647,93.9784467250672
30.1607142857143,92.6552488153297,91.6902603126084,94.9526912944551,93.9775095996539
30.1666666666667,92.6544828563554,91.6893269739752,94.9519248530284,93.9765748024353
30.172619047619,92.6537203155761,91.6883993045269,94.9511606397847,93.9756469689505
30.1785714285714,92.6529611929917,91.6874773108863,94.9503986555788,93.9747266103562
30.1845238095238,92.6522054886022,91.6865625552253,94.9496414705465,93.9738137266527
30.1904761904762,92.6514555387759,91.6856562202509,94.9488910613303,93.9729083178397
30.1964285714286,92.6507129156211,91.6847583059631,94.9481474279304,93.9720103839173
30.202380952381,92.6499776150088,91.6838706626468,94.9474105703465,93.9711199248855
30.2083333333333,92.6492496369392,91.6829943178444,94.9466804885789,93.970236289761
30.2142857142857,92.6485289814122,91.6821281279579,94.9459571826274,93.969363614982
30.2202380952381,92.6478156484278,91.6812720929871,94.9452402323228,93.9685021589029
30.2261904761905,92.6471099182314,91.6804262129322,94.9445304670168,93.9676519215238
30.2321428571429,92.6464148241368,91.679590487793,94.9438301711798,93.966814239183
30.2380952380952,92.6457288250109,91.6787649175697,94.9431393448117,93.9659881575506
30.2440476190476,92.6450519208538,91.6779543557149,94.9424574305553,93.9651735843061
30.25,92.6443841116655,91.6771556802881,94.9417844825908,93.9643705194497
30.2559523809524,92.643725397446,91.6763683175645,94.9411216726474,93.9635837126589
30.2619047619048,92.6430757781953,91.6755922675444,94.9404682617917,93.9628086142138
30.2678571428571,92.6424348537496,91.6748275302275,94.9398253052381,93.9620450098218
30.2738095238095,92.6418025815811,91.6740741056141,94.9391931364617,93.9612928994829
30.2797619047619,92.6411810585236,91.6733320243924,94.9385714454084,93.960552283197
30.2857142857143,92.6405702845772,91.6726072069446,94.9379598807146,93.9598231609642
30.2916666666667,92.6399706947889,91.6718938496476,94.9373598570445,93.9591070270567
30.297619047619,92.6393819996439,91.6711919525013,94.9367715559493,93.9584065958998
30.3035714285714,92.638803370132,91.6705015155058,94.9361929202188,93.9577176960326
30.3095238095238,92.6382348062532,91.669822538661,94.9356239498529,93.9570403274551
30.3154761904762,92.6376771565551,91.669155021967,94.9350646448518,93.9563744901674
30.3214285714286,92.6371299456499,91.6684987896465,94.9345150052153,93.9557201841693
30.327380952381,92.6365925678813,91.6678535403942,94.9339750309435,93.955077409461
30.3333333333333,92.636065023249,91.6672214001431,94.9334477313686,93.9544483529437
30.3392857142857,92.6355483294022,91.6666024441588,94.9329305908268,93.9538340456295
30.3452380952381,92.6350436753321,91.6659957176188,94.9324227792385,93.9532308511036
30.3511904761905,92.6345481536494,91.6654053733839,94.9319242966037,93.9526387693661
30.3571428571429,92.6340617643539,91.6648265700055,94.9314351429224,93.9520578004168
30.3630952380952,92.6335845074457,91.6642585979594,94.9309553181945,93.9514879442559
30.3690476190476,92.6331163829249,91.6637014572454,94.9304848224202,93.9509292008832
30.375,92.6326573907913,91.6631551478637,94.9300270401088,93.9503842945018
30.3809523809524,92.6322066339632,91.6626196698143,94.929578400732,93.949852844544
30.3869047619048,92.6317649334114,91.6620967524046,94.9291385796509,93.9493318741517
30.3928571428571,92.6313331734474,91.6615881471454,94.9287075768656,93.9488213833249
30.3988095238095,92.6309113540712,91.6610897194329,94.9282853923759,93.9483213720637
30.4047619047619,92.6304999465718,91.660601469267,94.927872026182,93.9478318403681
30.4107142857143,92.6300974744846,91.6601233966478,94.9274675806352,93.9473527882381
30.4166666666667,92.6297039112104,91.6596555015752,94.9270753284952,93.9468872635175
30.422619047619,92.6293205452127,91.6591977840492,94.9266912857573,93.9464337319382
30.4285714285714,92.6289475039508,91.6587525515727,94.9263154524216,93.9459900439782
30.4345238095238,92.628582474369,91.6583200289418,94.9259478284881,93.9455561996375
30.4404761904762,92.6282254564674,91.6578970820482,94.9255884139568,93.9451321989161
30.4464285714286,92.6278764502458,91.6574837108918,94.9252372088276,93.944718041814
30.452380952381,92.6275354557044,91.6570799154727,94.9248946842084,93.9443137283312
30.4583333333333,92.6272024728431,91.6566856957909,94.9245630104999,93.9439227511523
30.4642857142857,92.626879868342,91.6563010518463,94.9242389681137,93.9435424281787
30.4702380952381,92.6265657108167,91.6559250838491,94.9239225570498,93.9431712352431
30.4761904761905,92.6262590016598,91.6555588024607,94.9236137773082,93.9428091723454
30.4821428571429,92.6259597408713,91.6552031879633,94.923312628889,93.9424562394856
30.4880952380952,92.6256679284514,91.6548580585252,94.9230191117921,93.9421124366638
30.4940476190476,92.6253835643999,91.6545216041833,94.9227340036065,93.9417777638799
30.5,92.6251066487169,91.6541953700941,94.9224585652708,93.9414559099978
30.5059523809524,92.624839769184,91.6538793562575,94.9221901907321,93.9411434558617
30.5119047619048,92.6245803404845,91.6535738649287,94.9219288799905,93.940839534049
30.5178571428571,92.6243278452869,91.6532779273611,94.9216746330459,93.9405441445599
30.5238095238095,92.6240822835913,91.6529911870046,94.9214274498983,93.9402572873943
30.5297619047619,92.6238436553976,91.6527162310823,94.9211873305478,93.9399789625522
30.5357142857143,92.6236119607059,91.6524507635619,94.9209552562354,93.9397091700337
30.5416666666667,92.6233871995161,91.6521934334592,94.9207317061051,93.9394516848912
30.547619047619,92.6231721076305,91.6519442407742,94.9205147292916,93.9392025014625
30.5535714285714,92.622963607954,91.6517031855067,94.9203043257947,93.9389613123426
30.5595238095238,92.6227615631741,91.651470267657,94.9201004956146,93.9387281175314
30.5654761904762,92.622565973291,91.6512457589556,94.9199032387513,93.938502917029
30.5714285714286,92.6223768383046,91.6510331142156,94.9197125552047,93.9382857108354
30.577380952381,92.6221941582149,91.6508280910844,94.9195291547722,93.9380764331843
30.5833333333333,92.6220181263135,91.6506306895619,94.9193529730978,93.9378739657662
30.5892857142857,92.6218510599742,91.6504409096481,94.919183128236,93.9376803248003
30.5952380952381,92.621690006835,91.6502587513432,94.919019620187,93.9374955102866
30.6011904761905,92.621534966896,91.6500842146469,94.9188624489506,93.9373181020401
30.6071428571429,92.6213859401573,91.6499180434988,94.9187120344471,93.9371488932044
30.6130952380952,92.6212429266187,91.6497624232728,94.9185686227497,93.9369882210513
30.6190476190476,92.6211059262803,91.6496140176784,94.918431162691,93.936836242817
30.625,92.6209753893374,91.6494728267155,94.918299654271,93.936692332391
30.6309523809524,92.6208527862092,91.6493388503841,94.9181740974898,93.9365561878612
30.6369047619048,92.6207358452845,91.6492120886843,94.9180548732083,93.9364305665932
30.6428571428571,92.6206245665634,91.649092541616,94.9179432639013,93.9363120320122
30.6488095238095,92.620518950046,91.6489813719938,94.9178370998631,93.9362003583403
30.6547619047619,92.6204189957321,91.6488798027505,94.9177363810939,93.9360955455775
30.6607142857143,92.6203247036218,91.6487850058165,94.9176411075936,93.9359975937239
30.6666666666667,92.620235718427,91.6486969811918,94.9175512793622,93.9359065027793
30.672619047619,92.6201517856783,91.6486157288765,94.9174668963997,93.9358234183678
30.6785714285714,92.6200739760198,91.6485412488704,94.9173888572213,93.935749170134
30.6845238095238,92.6200022894515,91.6484735411737,94.9173174265172,93.9356813525307
30.6904761904762,92.6199357705595,91.6484140367249,94.9172510923503,93.9356199655579
30.6964285714286,92.6198751856561,91.6483631273716,94.9171898547204,93.9355650092155
30.702380952381,92.6198206485527,91.6483186427964,94.9171337136275,93.9355164835037
30.7083333333333,92.6197719436506,91.6482805829992,94.9170826690717,93.9354743884223
30.7142857142857,92.6197287247494,91.6482489479801,94.917036721053,93.9354402576592
30.7202380952381,92.6196922123791,91.648223737739,94.916995491094,93.9354140359131
30.7261904761905,92.6196614269126,91.648204952276,94.9169593342858,93.9353938691022
30.7321428571429,92.6196355735007,91.6481943352943,94.9169287307957,93.9353797572266
30.7380952380952,92.6196146521433,91.648191489939,94.9169037411559,93.9353717002863
30.7440476190476,92.6195986628405,91.648194699539,94.9168838928244,93.9353696982813
30.75,92.6195876055923,91.6482039640943,94.9168698759826,93.9353737512116
30.7559523809524,92.6195814510088,91.6482192836049,94.9168617090042,93.9353846642323
30.7619047619048,92.6195796521634,91.6482406580707,94.9168581708877,93.9354022707582
30.7678571428571,92.6195832243983,91.6482680874919,94.9168592616333,93.9354259881385
30.7738095238095,92.6195922490556,91.6483011155826,94.9168649812408,93.9354558163733
30.7797619047619,92.6196064386929,91.6483405429691,94.9168753297104,93.9354917554628
30.7857142857143,92.6196255862319,91.6483865950875,94.916890307042,93.9355348479717
30.7916666666667,92.6196511561489,91.6484386020072,94.9169114110976,93.9355837755646
30.797619047619,92.619681420476,91.6484972680412,94.9169372610156,93.9356385224528
30.8035714285714,92.6197161603543,91.6485626834291,94.9169674648873,93.9356990886364
30.8095238095238,92.6197553757837,91.6486343148947,94.9170020227128,93.9357664959766
30.8154761904762,92.6197990667641,91.6487133125727,94.9170409344921,93.9358408999418
30.8214285714286,92.6198472332957,91.6487992486383,94.9170842002251,93.935920601031
30.827380952381,92.6198996698833,91.6488906090237,94.917131819912,93.9360055992445
30.8333333333333,92.6199563406564,91.6489873937287,94.917185449321,93.9360958945821
30.8392857142857,92.6200178935363,91.6490896027534,94.9172433356221,93.9361914870438
30.8452380952381,92.6200836953349,91.6491972360978,94.9173053533173,93.9362923766297
30.8511904761905,92.6201541278825,91.649310293762,94.9173715024067,93.9364002529539
30.8571428571429,92.6202294018531,91.6494312230781,94.9174417828904,93.9365140688266
30.8630952380952,92.6203093746246,91.6495575514837,94.9175161947682,93.936632917552
30.8690476190476,92.6203938054494,91.6496890093127,94.9175948140827,93.9367567991301
30.875,92.6204835673785,91.6498255965652,94.9176790951128,93.9368857135609
30.8809523809524,92.6205775333984,91.6499673132412,94.9177673165874,93.9370196608444
30.8869047619048,92.6206756309286,91.6501141593407,94.9178594785065,93.9371586409806
30.8928571428571,92.620777859969,91.6502661028299,94.9179555808702,93.9373046891924
30.8988095238095,92.6208842205197,91.6504227192435,94.9180556236784,93.9374560924902
30.9047619047619,92.6209956839881,91.6505851025209,94.9181596069311,93.9376122422274
30.9107142857143,92.6211116997945,91.6507533222027,94.9182677770236,93.9377731384041
30.9166666666667,92.6212315709946,91.65092695332,94.918381146824,93.9379387810203
30.922619047619,92.6213552975884,91.6511069768401,94.9184982621881,93.938109170076
30.9285714285714,92.6214828795761,91.6512929859939,94.9186191231158,93.9382843055712
30.9345238095238,92.6216143169575,91.6514837347012,94.9187437296071,93.9384663487696
30.9404761904762,92.6217496097327,91.6516792229619,94.9188720816621,93.9386532045516
30.9464285714286,92.6218901227503,91.6518794507761,94.9190041792807,93.9388445943523
30.952380952381,92.6220346154025,91.6520844181437,94.9191404340111,93.9390405181719
30.9583333333333,92.6221827701518,91.6522941250647,94.9192814931548,93.9392409760103
30.9642857142857,92.6223345869982,91.6525108423813,94.9194261070175,93.9394459678674
30.9702380952381,92.6224900659416,91.6527322320843,94.9195742755992,93.9396554940426
30.9761904761905,92.6226492069821,91.6529580640366,94.9197259988998,93.9398707842539
30.9821428571429,92.6228120101197,91.6531883382383,94.9198812769195,93.9400906005668
30.9880952380952,92.6229787880958,91.6534230546894,94.920040109658,93.9403149429816
30.9940476190476,92.6231493752056,91.6536622133899,94.9202025301743,93.940543811498
31,92.6233237541376,91.6539058143397,94.9203686917469,93.9407772061162
31,92.6233237541376,91.6539058143397,94.9203686917469,93.9407772061162
31.0059523809524,92.6234455885278,91.6540771425738,94.9204836549075,93.9409407430165
31.0119047619048,92.6234669707687,91.6541147052535,94.920499274335,93.9409732661919
31.0178571428571,92.6233966533399,91.654026853525,94.9204247104472,93.9408848567539
31.0238095238095,92.6232382714503,91.6538337766757,94.9202683998992,93.9406887407467
31.0297619047619,92.6230106889771,91.6535390831087,94.9200338307477,93.9403952857826
31.0357142857143,92.622716848897,91.6531617675115,94.9197398236008,93.940013341278
31.0416666666667,92.6223547137594,91.652708270896,94.9193863784584,93.9395618353713
31.047619047619,92.6219436116899,91.6521829587212,94.9189709574751,93.9390393105719
31.0535714285714,92.6214860775556,91.6515956311051,94.9185124732773,93.9384516423856
31.0595238095238,92.6209793810932,91.6509528456127,94.9180138505153,93.9378171852159
31.0654761904762,92.6204338025159,91.6502622352949,94.9174745564945,93.9371359390628
31.0714285714286,92.6198591067264,91.6495300301299,94.916894652848,93.9364051827717
31.077380952381,92.6192552937246,91.6487570674639,94.9162908017628,93.9356438688686
31.0833333333333,92.6186233842781,91.6479602167804,94.915663003239,93.934854745295
31.0892857142857,92.6179720224967,91.6471394780792,94.9150112572765,93.9340378120508
31.0952380952381,92.617302890891,91.6462948513604,94.9143326927607,93.9331907961816
31.1011904761905,92.6166159894611,91.6454311435511,94.9136404313478,93.9323297880917
31.1071428571429,92.6159113182069,91.644555346915,94.9129372633372,93.9314560579945
31.1130952380952,92.6151887161577,91.6436674988714,94.9122231887291,93.9305696058901
31.1190476190476,92.6144578895379,91.6427675994201,94.9114982075234,93.929669783795
31.125,92.6137212821538,91.6418558044861,94.9107604194991,93.9287622126632
31.1309523809524,92.6129788940054,91.6409392338211,94.9100179836382,93.9278521591217
31.1369047619048,92.612229306209,91.6400213990736,94.9092742304081,93.9269396231706
31.1428571428571,92.6114780267434,91.6391023002435,94.9085291598088,93.9260246048098
31.1488095238095,92.6107284091229,91.6381819373309,94.9077827718401,93.9251071040393
31.1547619047619,92.6099804533474,91.6372605881049,94.9070350665022,93.924188445337
31.1607142857143,92.6092341594169,91.6363434967372,94.9062856766467,93.9232744566083
31.1666666666667,92.6084895273314,91.6354320729585,94.9055394638822,93.9223654804926
31.172619047619,92.6077465436361,91.6345263167689,94.9047980584689,93.9214615169898
31.1785714285714,92.6070071626422,91.6336262281683,94.9040614604066,93.9205627958811
31.1845238095238,92.6062742036559,91.632734117938,94.9033296696954,93.9196725215439
31.1904761904762,92.605547666677,91.631851449605,94.9026026863352,93.9187911311305
31.1964285714286,92.6048275517056,91.6309779254553,94.9018805103262,93.9179186246409
31.202380952381,92.6041138587418,91.6301135454887,94.901164717579,93.9170550020751
31.2083333333333,92.6034065877854,91.6292583097054,94.9004570995855,93.9162002634331
31.2142857142857,92.6027061190881,91.6284122181053,94.8997575074157,93.915354408715
31.2202380952381,92.6020153620509,91.6275753621337,94.8990659410696,93.9145194361798
31.2261904761905,92.6013332922657,91.6267529535504,94.8983824005472,93.9136975203035
31.2321428571429,92.6006599097323,91.6259415675155,94.8977068858484,93.9128865525262
31.2380952380952,92.5999952144509,91.625141204029,94.8970393969734,93.9120865328478
31.2440476190476,92.5993392064214,91.6243518630909,94.8963828163125,93.9112974612683
31.25,92.5986918856439,91.6235735447012,94.8957360169437,93.9105193377877
31.2559523809524,92.5980542309491,91.6228062488599,94.8950985637236,93.9097521624061
31.2619047619048,92.5974283986048,91.6220496654028,94.8944704566521,93.9089989955906
31.2678571428571,92.5968120696842,91.6213034861682,94.8938516957293,93.908259862528
31.2738095238095,92.5962052441872,91.6205705916594,94.8932422809552,93.9075323727546
31.2797619047619,92.595607922114,91.6198509818764,94.8926422123297,93.9068165262703
31.2857142857143,92.5950201034644,91.6191450575491,94.892055218013,93.9061123230752
31.2916666666667,92.5944417882385,91.6184529370069,94.8914780382039,93.9054197631692
31.297619047619,92.5938745189536,91.6177730064975,94.8909104919369,93.9047388465524
31.3035714285714,92.5933192758736,91.6171052660207,94.890352579212,93.9040733866214
31.3095238095238,92.5927735656339,91.6164516502289,94.8898043000293,93.9034214471482
31.3154761904762,92.5922373882345,91.6158130372538,94.8892656543886,93.9027810047821
31.3214285714286,92.5917107436753,91.6151856892962,94.8887368942059,93.9021520595229
31.327380952381,92.5911936319565,91.6145696063559,94.8882213881831,93.9015346113707
31.3333333333333,92.5906860530779,91.6139647884331,94.8877152944763,93.9009286603255
31.3392857142857,92.5901874579112,91.6133712355276,94.8872186130857,93.9003342063873
31.3452380952381,92.5896985938274,91.6127889476396,94.8867313440113,93.8997555578527
31.3511904761905,92.5892203810546,91.6122217601381,94.8862534872529,93.8991893105527
31.3571428571429,92.5887524084707,91.6116672648449,94.8857850428107,93.8986340534032
31.3630952380952,92.588295381295,91.6111235095054,94.8853266514998,93.8980897864043
31.3690476190476,92.5878500453584,91.6105904941195,94.884880567067,93.897556509556
31.375,92.5874136324929,91.6100682186873,94.8844434294231,93.8970342228582
31.3809523809524,92.5869861426984,91.6095566832088,94.8840152385681,93.896522926311
31.3869047619048,92.586567575975,91.609055887684,94.8835959945018,93.8960272067727
31.3928571428571,92.5861579323226,91.6085672228232,94.8831856972244,93.8955425745088
31.3988095238095,92.5857572117413,91.6080899417706,94.8827843467359,93.895068300171
31.4047619047619,92.5853680230395,91.6076237155976,94.8823929863504,93.8946043837594
31.4107142857143,92.5849881905154,91.6071686802664,94.8820128810602,93.8941508252739
31.4166666666667,92.5846166816253,91.6067257542077,94.8816410944576,93.8937076247146
31.422619047619,92.5842534963694,91.6062933825934,94.8812776265426,93.8932747820815
31.4285714285714,92.5838986347475,91.6058715654236,94.8809224773152,93.8928507246352
31.4345238095238,92.5835520967596,91.6054621694281,94.8805756467755,93.8924379966746
31.4404761904762,92.5832138824058,91.6050654161418,94.8802371349233,93.892036650044
31.4464285714286,92.5828869132544,91.6046780583279,94.8799082769648,93.8916456356286
31.452380952381,92.582568183579,91.6043000959864,94.8795894249308,93.8912645282721
31.4583333333333,92.5822571895521,91.6039315291172,94.8792783023753,93.8908943411978
31.4642857142857,92.5819539311736,91.6035723577205,94.8789749092981,93.8905350744057
31.4702380952381,92.5816584084436,91.6032225817963,94.8786792456994,93.8901869944041
31.4761904761905,92.5813706213621,91.6028810927712,94.8783913115791,93.8898487615562
31.4821428571429,92.581090569929,91.602549501521,94.8781111069371,93.8895205675814
31.4880952380952,92.5808213396136,91.6022283933538,94.8778391431716,93.8892057638187
31.4940476190476,92.5805593840313,91.601917227995,94.8775753800803,93.8888996320459
31.5,92.5803046065295,91.6016148710505,94.8773192874045,93.8886021722631
31.5059523809524,92.5800570071084,91.601322577864,94.8770708651442,93.8883133844701
31.5119047619048,92.5798165857679,91.6010403484355,94.8768306301381,93.8880332686671
31.5178571428571,92.5795833425081,91.6007684832585,94.8765980014338,93.887761824854
31.5238095238095,92.5793575301483,91.6005058360618,94.8763726490399,93.8875008563267
31.5297619047619,92.5791416099062,91.6002522667519,94.8761545729564,93.8872506326509
31.5357142857143,92.5789323517922,91.6000109539082,94.8759458271312,93.8870085087108
31.5416666666667,92.5787297558063,91.5997781351536,94.8757441161396,93.8867744845065
31.547619047619,92.5785338219485,91.5995533724913,94.8755489456141,93.8865485600378
31.5535714285714,92.5783445502187,91.5993366659213,94.8753603155546,93.8863307353049
31.5595238095238,92.578161940617,91.5991280154436,94.8751782259612,93.8861210103077
31.5654761904762,92.577986518925,91.5989274210582,94.8750026768338,93.8859215462453
31.5714285714286,92.577819813561,91.598736021095,94.8748340590593,93.8857316044771
31.577380952381,92.5776593508842,91.5985554169123,94.8746740337864,93.8855492721443
31.5833333333333,92.5775051308948,91.5983823489628,94.8745200861579,93.8853745492468
31.5892857142857,92.5773571535928,91.5982168172463,94.8743722161737,93.8852074357845
31.5952380952381,92.5772154189781,91.598058821763,94.8742304238339,93.8850479317576
31.6011904761905,92.5770799270508,91.5979083625128,94.8740947091385,93.8848960371659
31.6071428571429,92.5769514830683,91.5977654394956,94.8739650720875,93.8847542398817
31.6130952380952,92.5768309204781,91.5976316429982,94.8738421953858,93.8846209467291
31.6190476190476,92.5767161637304,91.5975074989168,94.8737269843256,93.8844947755698
31.625,92.5766072128252,91.5973904740631,94.8736174449266,93.8843757264039
31.6309523809524,92.5765040677626,91.5972805684369,94.8735135771888,93.8842637992314
31.6369047619048,92.5764067285425,91.5971777820383,94.8734153811123,93.8841589940523
31.6428571428571,92.5763151951649,91.5970821148674,94.8733228566971,93.8840613108666
31.6488095238095,92.5762304975648,91.596993566924,94.8732360039432,93.883973419241
31.6547619047619,92.5761528595675,91.5969140670287,94.8731556718202,93.8838930967151
31.6607142857143,92.5760806646066,91.5968432494387,94.8730821617237,93.8838194858922
31.6666666666667,92.5760139126819,91.5967791474031,94.8730139854309,93.8837525867723
31.672619047619,92.5759526037934,91.5967217609219,94.872951142942,93.8836923993555
31.6785714285714,92.5758967379413,91.596671089995,94.8728936342569,93.8836389236416
31.6845238095238,92.5758463151255,91.5966271346226,94.8728414593755,93.8835921596308
31.6904761904762,92.5758025405658,91.5965898948045,94.872794618298,93.8835534950682
31.6964285714286,92.5757651030529,91.59656158026,94.8727541948989,93.8835217396873
31.702380952381,92.5757327898082,91.5965410415099,94.8727199648783,93.8834966922089
31.7083333333333,92.5757056008314,91.596526852129,94.8726907141727,93.8834783526329
31.7142857142857,92.5756835361228,91.5965190121174,94.8726664427822,93.8834665116498
31.7202380952381,92.5756665956822,91.5965175214749,94.8726471507067,93.8834606041372
31.7261904761905,92.5756547795097,91.5965223802016,94.8726328379463,93.8834617538784
31.7321428571429,92.5756494160199,91.5965335882975,94.872623504501,93.8834701013506
31.7380952380952,92.5756497456097,91.5965535814798,94.872620434002,93.8834852799666
31.7440476190476,92.5756549185755,91.5965805407327,94.8726229533243,93.8835069222945
31.75,92.5756649349172,91.596613511565,94.8726301472428,93.8835367162952
31.7559523809524,92.5756797946349,91.5966524939765,94.8726420157575,93.8835732579071
31.7619047619048,92.5756994977285,91.5966974879672,94.8726585588685,93.8836155656911
31.7678571428571,92.5757240441981,91.5967484935372,94.8726797765757,93.8836636396473
31.7738095238095,92.575754292089,91.5968055106865,94.8727056688791,93.8837174797757
31.7797619047619,92.5757896201523,91.5968679972782,94.8727376405571,93.8837770860763
31.7857142857143,92.5758297070078,91.5969370945837,94.8727746441949,93.8838425969871
31.7916666666667,92.5758745526555,91.5970125472171,94.872816071706,93.8839163830399
31.797619047619,92.5759241570955,91.5970941003778,94.8728619230903,93.8839956357927
31.8035714285714,92.5759792261853,91.5971822815202,94.8729121983478,93.8840803552455
31.8095238095238,92.5760391270706,91.5972771138854,94.8729668974785,93.8841705413983
31.8154761904762,92.5761035570507,91.5973780498758,94.8730260204824,93.8842661942511
31.8214285714286,92.5761725161256,91.5974844867384,94.8730910455805,93.8843673138038
31.827380952381,92.5762460042953,91.5975970104849,94.8731606169138,93.8844743977596
31.8333333333333,92.5763252956591,91.5977159516498,94.8732343878058,93.8845890739105
31.8392857142857,92.5764093420334,91.5978410290092,94.8733123582562,93.8847089129306
31.8452380952381,92.5764975758266,91.5979719782388,94.8733945282653,93.8848339148198
31.8511904761905,92.5765899970385,91.5981099381181,94.8734808978329,93.8849640795782
31.8571428571429,92.5766866056693,91.5982532851764,94.8735714669591,93.8850994072057
31.8630952380952,92.576787401719,91.5984020194139,94.8736678721214,93.8852398977024
31.8690476190476,92.5768923851874,91.5985561408305,94.8737683839489,93.8853862836883
31.875,92.5770032046953,91.5987160541267,94.8738728622035,93.8855394742087
31.8809523809524,92.5771181192422,91.5988833447743,94.8739813068853,93.885697600261
31.8869047619048,92.5772370316952,91.5990555748143,94.8740937179943,93.8858606618453
31.8928571428571,92.5773599420542,91.599232744247,94.8742100955304,93.8860286589616
31.8988095238095,92.5774868503193,91.5994148530721,94.8743304997607,93.8862015916098
31.9047619047619,92.5776177564904,91.5996019012897,94.8744564176417,93.8863794597899
31.9107142857143,92.5777527727052,91.5997938888999,94.8745861216525,93.8865619904036
31.9166666666667,92.5778933330288,91.5999918703934,94.8747196117931,93.8867494287936
31.922619047619,92.5780377014726,91.6001962222376,94.8748568880636,93.8869423894139
31.9285714285714,92.5781858780365,91.6004052752356,94.8749979504639,93.8871407633127
31.9345238095238,92.5783378627206,91.6006190293875,94.875142798994,93.8873442325622
31.9404761904762,92.5784936555248,91.6008374846934,94.8752916667981,93.8875536025144
31.9464285714286,92.5786532564492,91.6010606411531,94.8754455927328,93.8877677884076
31.952380952381,92.5788165083188,91.6012884987667,94.8756031195934,93.8879867607428
31.9583333333333,92.5789830327954,91.6015226405637,94.8757642473798,93.88821051952
31.9642857142857,92.579153730493,91.6017627361493,94.8759289760921,93.8884396149659
31.9702380952381,92.5793286014116,91.6020072211777,94.8760973057302,93.8886735751955
31.9761904761905,92.5795075700068,91.6022560956489,94.8762692362941,93.8889121199453
31.9821428571429,92.5796897889273,91.6025093595629,94.87644485001,93.8891552492152
31.9880952380952,92.5798760489283,91.6027670129197,94.8766243593685,93.8894030708524
31.9940476190476,92.5800663500098,91.6030290557193,94.8768075530503,93.8896556435408
32,92.5802606921718,91.6032954879618,94.8769944310554,93.8899128142532
32,92.5802606921718,91.6032954879618,94.8769944310554,93.8899128142532
32.0059523809524,92.5804029501741,91.603490593129,94.87712975825,93.8901006207002
32.0119047619048,92.5804396156735,91.6035497242593,94.8771660683368,93.8901525251017
32.0178571428571,92.5803914769722,91.6034845494739,94.8771117096408,93.8900890061062
32.0238095238095,92.5802563216975,91.6033165807973,94.8769779880197,93.889917449185
32.0297619047619,92.5800453551219,91.6030436696445,94.8767721796328,93.8896488565547
32.0357142857143,92.5797718196238,91.602689128036,94.8764966375494,93.8892884187918
32.0416666666667,92.5794338845032,91.6022587196255,94.8761609194985,93.8888584599941
32.0476190476191,92.5790382630996,91.6017511404712,94.8757643906348,93.8883620428066
32.0535714285714,92.5785998191254,91.6011897902858,94.8753266812844,93.8877965379993
32.0595238095238,92.5781185525807,91.6005762053498,94.8748485483209,93.8871828988629
32.0654761904762,92.5775980783983,91.5999156548144,94.8743293248383,93.8865251873015
32.0714285714286,92.5770464519795,91.5992183868443,94.8737697720012,93.8858246062804
32.0773809523809,92.5764636318589,91.5984844374581,94.8731861394396,93.8850922836292
32.0833333333333,92.5758488702962,91.5977138066557,94.8725784271533,93.8843304475585
32.0892857142857,92.575210612384,91.5969103078073,94.8719466351424,93.8835390980683
32.0952380952381,92.5745546745593,91.5960878751379,94.871287886632,93.8827175212858
32.1011904761905,92.5738804119055,91.595246546992,94.8706158793459,93.8818753959534
32.1071428571429,92.5731872927089,91.5943922357492,94.869932826296,93.8810200013825
32.1130952380952,92.5724873129107,91.5935290211101,94.8692387274823,93.880151337573
32.1190476190476,92.5717804725109,91.5926567919463,94.8685335829048,93.8792674891406
32.125,92.5710667715095,91.5917755482578,94.8678189176361,93.8783805674681
32.1309523809524,92.5703462099066,91.5908852900446,94.8671008513238,93.8774910687826
32.1369047619048,92.5696175094331,91.5899877786627,94.8663799893378,93.876598993084
32.1428571428571,92.5688876426014,91.5890912466508,94.8656563316782,93.8757043403725
32.1488095238095,92.5681591531796,91.5881960374222,94.864929878345,93.8748066145149
32.1547619047619,92.5674320411675,91.5873021509769,94.864200629338,93.873911673272
32.1607142857143,92.5667063065654,91.5864099696596,94.8634689234726,93.8730219061702
32.1666666666667,92.565981949373,91.5855240488533,94.8627407147983,93.8721373132095
32.1726190476191,92.5652589769954,91.5846450533301,94.8620171669641,93.8712578943899
32.1785714285714,92.5645405143393,91.5837729830899,94.8612982799699,93.8703836497114
32.1845238095238,92.5638282780282,91.5829078381328,94.8605840538159,93.8695148346185
32.1904761904762,92.5631222680623,91.5820496184586,94.859874488502,93.8686551530334
32.1964285714286,92.5624224844414,91.5811983240675,94.8591699119844,93.8678048643278
32.2023809523809,92.5617289271656,91.5803533911422,94.8584730591937,93.8669639685014
32.2083333333333,92.5610415962349,91.5795192318698,94.85778411289,93.8661324655544
32.2142857142857,92.5603615791842,91.5786958548152,94.8571030730735,93.8653103554868
32.2202380952381,92.5596909273942,91.5778832599785,94.8564299397442,93.8644976382985
32.2261904761905,92.5590288928986,91.5770827586067,94.8557647129019,93.8636937194361
32.2321428571429,92.5583754756974,91.5762937739412,94.8551073925468,93.8628996051028
32.2380952380952,92.5577306757906,91.5755160265189,94.8544591654277,93.8621178596171
32.2440476190476,92.5570944931782,91.5747495163399,94.8538217745243,93.8613484829791
32.25,92.5564669278602,91.5739972743081,94.8531937067073,93.8605919257344
32.2559523809524,92.5558499930558,91.5732583223304,94.8525749619766,93.8598485242274
32.2619047619048,92.5552440102211,91.572530715767,94.8519655403322,93.8591171584029
32.2678571428571,92.5546474862512,91.5718144546177,94.8513654417741,93.8583978282609
32.2738095238095,92.5540604211462,91.5711095388825,94.8507746663023,93.8576897795936
32.2797619047619,92.553482814906,91.5704159685616,94.8501950489225,93.8569930447628
32.2857142857143,92.5529146675306,91.5697337436548,94.8496269441382,93.8563095065053
32.2916666666667,92.5523559790201,91.5690615426364,94.8490685217687,93.855639164821
32.2976190476191,92.5518060921383,91.5684023359824,94.8485197818139,93.8549827098705
32.3035714285714,92.5512664193157,91.5677563695447,94.8479807242739,93.854339264962
32.3095238095238,92.5507376519109,91.567123466125,94.8474513491487,93.8537079749421
32.3154761904762,92.550219388241,91.5665014781082,94.8469316564382,93.8530888398108
32.3214285714286,92.5497118561939,91.5658924816648,94.8464239657256,93.8524855514479
32.3273809523809,92.5492153075938,91.5652964767949,94.8459273322177,93.8518949561692
32.3333333333333,92.5487285246981,91.5647137583887,94.8454401701293,93.8513155254428
32.3392857142857,92.5482515075069,91.5641441494107,94.8449624794603,93.8507472592689
32.3452380952381,92.5477842560203,91.5635863160633,94.8444942602107,93.8501901576474
32.3511904761905,92.5473298155993,91.5630402583467,94.8440355123805,93.8496442205783
32.3571428571429,92.546884950207,91.5625100744007,94.8435862359697,93.8491097125508
32.3630952380952,92.5464491069611,91.5619913616579,94.8431491429497,93.8485914037929
32.3690476190476,92.5460222858618,91.5614832535189,94.8427221949031,93.8480837470585
32.375,92.5456044869088,91.5609857499836,94.8423042122566,93.8475867423474
32.3809523809524,92.5451957101023,91.560498851052,94.8418951950102,93.8471003896597
32.3869047619048,92.5447964844735,91.5600225567241,94.841495143164,93.8466246889953
32.3928571428571,92.5444093205139,91.5595578937933,94.8411040567178,93.8461596403544
32.3988095238095,92.5440306411768,91.5591079539877,94.8407219356718,93.8457063223327
32.4047619047619,92.5436604464623,91.5586680309024,94.8403517139128,93.845267483223
32.4107142857143,92.5432987363704,91.5582381245375,94.839990569194,93.8448386758448
32.4166666666667,92.542945510901,91.5578182348928,94.8396378010639,93.8444199001981
32.4226190476191,92.5426007700542,91.5574083619684,94.8392934095227,93.8440111562828
32.4285714285714,92.5422654540691,91.5570085057643,94.8389573945701,93.843612444099
32.4345238095238,92.5419409819955,91.5566203025258,94.8386297562063,93.8432237636466
32.4404761904762,92.5416244255248,91.5562453278019,94.8383104944313,93.8428466879673
32.4464285714286,92.5413157846568,91.5558797785311,94.8380027098912,93.8424826666636
32.4523809523809,92.5410150593916,91.5555236547134,94.8377029493575,93.8421280138418
32.4583333333333,92.5407222497292,91.5551769563488,94.8374109497393,93.841782729502
32.4642857142857,92.5404373556696,91.5548396834373,94.8371267110366,93.8414468136441
32.4702380952381,92.5401616218237,91.5545118359789,94.8368502332494,93.841120266268
32.4761904761905,92.5398955621179,91.5541940281297,94.8365815163776,93.840803087374
32.4821428571429,92.539636864793,91.5538866551022,94.8363206856245,93.8404945239187
32.4880952380952,92.5393855298491,91.5535889465228,94.8360704151244,93.8401949814722
32.4940476190476,92.5391415572861,91.5533009023915,94.835827359658,93.8399057466092
32.5,92.538904947104,91.5530233626571,94.8355915192255,93.8396268269325
32.5059523809524,92.5386756993029,91.552755343434,94.8353628938267,93.8393587010544
32.5119047619048,92.5384552920657,91.5524965211109,94.8351414834617,93.8390997554453
32.5178571428571,92.5382434968304,91.5522472956143,94.8349272881305,93.8388499901051
32.5238095238095,92.5380385471703,91.5520105402123,94.8347207466919,93.8386083884916
32.5297619047619,92.5378404430854,91.5517819853586,94.8345236431425,93.8383755273315
32.5357142857143,92.5376491845756,91.5515616310532,94.8343332103004,93.8381521862925
32.5416666666667,92.5374647716411,91.551349477296,94.8341494481655,93.8379385714736
32.5476190476191,92.5372872042818,91.5511455240872,94.8339723567379,93.8377344483139
32.5535714285714,92.5371181722345,91.5509497714266,94.8338019360176,93.8375388591083
32.5595238095238,92.5369568028492,91.5507639694725,94.8336381860045,93.837351803857
32.5654761904762,92.5368018025301,91.5505884408018,94.833481787768,93.8371764241871
32.5714285714286,92.5366531712771,91.5504206252383,94.8333337199432,93.837008911091
32.5773809523809,92.5365109090903,91.550260522782,94.8331918605904,93.8368489853382
32.5833333333333,92.5363750159697,91.550108133433,94.8330562097096,93.8366966469286
32.5892857142857,92.5362454919153,91.5499634571911,94.8329267673007,93.8365518958623
32.5952380952381,92.5361241687478,91.5498264940565,94.8328035333639,93.8364147321393
32.6011904761905,92.5360096691019,91.5496993853738,94.8326865078991,93.8362862154527
32.6071428571429,92.5359011179794,91.5495814581585,94.8325766572044,93.8361677201174
32.6130952380952,92.5357985153804,91.5494708035507,94.8324743365039,93.8360563435715
32.6190476190476,92.535701861305,91.5493674215505,94.8323777514945,93.8359520858149
32.625,92.5356111557529,91.5492713121578,94.8322869021763,93.8358549468477
32.6309523809524,92.5355263987244,91.5491824753726,94.8322017885491,93.8357649266699
32.6369047619048,92.5354495574607,91.5491009111949,94.8321224106131,93.8356820252814
32.6428571428571,92.5353788122692,91.5490290703513,94.8320487683682,93.8356077104487
32.6488095238095,92.5353136352955,91.5489654566253,94.8319802683642,93.8355423787686
32.6547619047619,92.5352540265398,91.5489086924379,94.8319171940497,93.8354837476269
32.6607142857143,92.5351999860019,91.5488587777891,94.8318603075518,93.8354318170235
32.6666666666667,92.5351515136819,91.548815712679,94.8318097007171,93.8353865869584
32.6726190476191,92.5351086095798,91.5487794971075,94.8317653070076,93.8353480574318
32.6785714285714,92.535070265714,91.5487501310746,94.8317265281819,93.8353162284434
32.6845238095238,92.5350378385131,91.5487303107715,94.8316933642399,93.8352927992808
32.6904761904762,92.5350114480357,91.5487178405114,94.831667536216,93.8352773906545
32.6964285714286,92.5349913332889,91.5487118387393,94.8316469479944,93.8352683298064
32.7023809523809,92.5349769591942,91.5487123054553,94.8316314263658,93.8352656167366
32.7083333333333,92.5349680551933,91.5487192406593,94.8316209713304,93.8352692514451
32.7142857142857,92.5349649986295,91.5487326443514,94.831615582888,93.8352792339319
32.7202380952381,92.5349680679257,91.5487525165316,94.8316152610387,93.8352955641969
32.7261904761905,92.5349762200968,91.5487782421578,94.8316206088069,93.8353202206289
32.7321428571429,92.534989455143,91.5488110824265,94.8316323808369,93.8353520991251
32.7380952380952,92.5350077730643,91.5488512895193,94.8316488888306,93.8353899523121
32.7440476190476,92.5350311738605,91.5488985451124,94.831670132788,93.8354337801901
32.75,92.5350614994114,91.5489524381314,94.8316961127091,93.835483582759
32.7559523809524,92.5350966177534,91.5490151800241,94.8317268285938,93.8355393600188
32.7619047619048,92.5351364348969,91.549084343752,94.8317622804423,93.8356011119696
32.7678571428571,92.5351809508417,91.5491593772596,94.831803258711,93.8356711385253
32.7738095238095,92.535230165588,91.5492402805467,94.8318499677078,93.835747658499
32.7797619047619,92.5352840791356,91.5493270536136,94.8319011660483,93.8358297906447
32.7857142857143,92.5353430318307,91.54941969646,94.8319568537323,93.8359175349625
32.7916666666667,92.5354082315765,91.5495189066899,94.8320170307599,93.8360108914523
32.7976190476191,92.5354778807471,91.5496261829278,94.8320816971311,93.8361098601141
32.8035714285714,92.5355519793426,91.5497389950654,94.8321508528459,93.836214440948
32.8095238095238,92.535630527363,91.5498573431025,94.8322254408951,93.8363270652328
32.8154761904762,92.5357135248082,91.5499812270392,94.832305226038,93.8364454926059
32.8214285714286,92.5358009716783,91.5501106468755,94.8323892594515,93.8365692556748
32.8273809523809,92.5358934132789,91.5502456026114,94.8324775411356,93.8366983544393
32.8333333333333,92.5359915400173,91.5503858232072,94.8325700710903,93.8368327888996
32.8392857142857,92.536093892784,91.5505315665427,94.8326668493157,93.8369725590555
32.8452380952381,92.536200471579,91.5506835576937,94.8327678758116,93.8371176649072
32.8511904761905,92.5363112764021,91.5508418510763,94.8328742437014,93.8372707008516
32.8571428571429,92.5364263072535,91.551005900053,94.8329853309033,93.8374289258892
32.8630952380952,92.5365455641332,91.5511772520307,94.8331004402411,93.8375922010628
32.8690476190476,92.5366697367686,91.5513546202431,94.8332195717149,93.8377605263726
32.875,92.5367990632392,91.5515370781305,94.8333427253246,93.8379339018185
32.8809523809524,92.5369324223481,91.5517246256931,94.8334699010703,93.8381123274006
32.8869047619048,92.5370698140953,91.5519172629308,94.8336010989518,93.8382958681333
32.8928571428571,92.5372112384806,91.5521149898436,94.8337374779288,93.8384855111115
32.8988095238095,92.5373566955043,91.5523180015493,94.8338781377919,93.8386802888826
32.9047619047619,92.5375061851662,91.5525284083625,94.8340226349582,93.8388802014463
32.9107142857143,92.5376606184965,91.5527436365518,94.8341709694278,93.8390852488028
32.9166666666667,92.5378198099959,91.5529636861173,94.8343231412007,93.8392960533331
32.9226190476191,92.5379828043902,91.5531885570589,94.834479150277,93.8395120299589
32.9285714285714,92.5381496016794,91.5534182493766,94.8346389966565,93.8397329065695
32.9345238095238,92.5383202018635,91.5536527630705,94.8348020059876,93.8399586831647
32.9404761904762,92.5384946049425,91.5538926102545,94.834969022749,93.8401901969583
32.9464285714286,92.5386728109163,91.5541391538463,94.8351401997506,93.8404276521291
32.9523809523809,92.5388558706412,91.5543902848996,94.8353155369923,93.8406695681878
32.9583333333333,92.5390432524184,91.5546460034145,94.835495316856,93.8409159451344
32.9642857142857,92.5392342648809,91.554906309391,94.8356789424769,93.8411667829689
32.9702380952381,92.5394289080288,91.5551712028292,94.835866289707,93.8414220816913
32.9761904761905,92.5396271818621,91.5554406837289,94.8360573585464,93.8416818413017
32.9821428571429,92.5398290863807,91.5557145350619,94.8362516154387,93.8419465078528
32.9880952380952,92.5400346215847,91.5559928762029,94.8364495704482,93.8422159534662
32.9940476190476,92.5402439064314,91.556276382375,94.8366514484341,93.8424899701113
33,92.5404570404163,91.5565649381385,94.8368572493964,93.8427685577883
33,92.5404570404163,91.5565649381385,94.8368572493964,93.8427685577883
33.0059523809524,92.5406174886438,91.5567826199,94.8370118853416,93.8429781357486
33.0119047619048,92.5406771194577,91.5568633663116,94.8370670728394,93.8430539947802
33.0178571428571,92.5406397913482,91.5568223670914,94.8370319829139,93.843009999008
33.0238095238095,92.5405266185959,91.556671478294,94.8369150415841,93.8428580372201
33.0297619047619,92.5403375733349,91.5564280341671,94.8367197702966,93.8426086051607
33.0357142857143,92.5400747296344,91.5560897127266,94.8364650089211,93.8422715963222
33.0416666666667,92.5397579041828,91.5556793101543,94.8361507574574,93.8418640061884
33.0476190476191,92.5393870969801,91.5552021594991,94.8357744172061,93.8413833032981
33.0535714285714,92.5389596357913,91.5546557802452,94.8353549493868,93.8408408160407
33.0595238095238,92.5384938296598,91.5540613542582,94.8348953499411,93.8402505748414
33.0654761904762,92.5379925252592,91.5534225010227,94.8343952129538,93.8396125797002
33.0714285714286,92.5374557225896,91.5527408452732,94.8338539870946,93.8389249352734
33.0773809523809,92.5368812140735,91.5520275298686,94.8332889193172,93.8382082101181
33.0833333333333,92.5362862913222,91.5512844424761,94.8327000096217,93.837462971593
33.0892857142857,92.535671298662,91.5505115830956,94.832087258008,93.8366892378098
33.0952380952381,92.5350362360928,91.5497081722308,94.8314537735422,93.8358940089614
33.1011904761905,92.5343785558877,91.5488864443681,94.8308068906746,93.8350828532528
33.1071428571429,92.5337074276188,91.5480517594915,94.8301468523644,93.8342557706841
33.1130952380952,92.5330283574916,91.5472041176008,94.8294736586117,93.8334127612551
33.1190476190476,92.5323413455062,91.5463451283285,94.8287873094166,93.8325510804212
33.125,92.5316463916626,91.5454820205995,94.8280872150362,93.8316819218602
33.1309523809524,92.5309426531487,91.5446151873685,94.827381677142,93.8308123226474
33.1369047619048,92.5302327482666,91.5437446286353,94.8266740352291,93.8299422827828
33.1428571428571,92.5295234817477,91.5428703443999,94.8259642892976,93.8290718022663
33.1488095238095,92.528814853592,91.5419924988487,94.8252524393473,93.828200881098
33.1547619047619,92.5281068637995,91.5411174592875,94.824537964447,93.8273295192779
33.1607142857143,92.5273995123703,91.540247158237,94.8238263610123,93.8264583928218
33.1666666666667,92.5266927895679,91.5393815956971,94.823118774939,93.8255933438998
33.1726190476191,92.5259882290952,91.538520771668,94.8224152062273,93.8247350566637
33.1785714285714,92.5252894804409,91.5376656048323,94.8217156548772,93.8238835311135
33.1845238095238,92.524596543605,91.5368187377617,94.8210201208886,93.8230387672493
33.1904761904762,92.5239094185874,91.5359803256064,94.8203286042615,93.8222007650711
33.1964285714286,92.5232281053883,91.5351503683663,94.8196434699771,93.8213699395711
33.2023809523809,92.5225526040075,91.5343288660414,94.8189659906657,93.8205501704178
33.2083333333333,92.5218832372298,91.5335194860126,94.8182961340035,93.8197404902477
33.2142857142857,92.5212228365242,91.5327208965074,94.8176338999905,93.8189408990607
33.2202380952381,92.5205708702594,91.5319327033543,94.8169792886268,93.8181513968569
33.2261904761905,92.5199273384354,91.5311549065534,94.8163322999123,93.8173719836363
33.2321428571429,92.5192922410521,91.5303875061047,94.8156931403816,93.8166026593988
33.2380952380952,92.5186655781096,91.5296305020081,94.8150651114797,93.8158430325806
33.2440476190476,92.5180473496079,91.5288845505774,94.8144462768715,93.8150941079387
33.25,92.5174385359997,91.5281540828308,94.813836636557,93.8143578288458
33.2559523809524,92.5168413015836,91.5274350198529,94.8132361905363,93.8136345062406
33.2619047619048,92.5162534569138,91.5267273616435,94.8126449388093,93.8129235007509
33.2678571428571,92.5156750019904,91.5260311082027,94.8120628813761,93.8122263308376
33.2738095238095,92.5151059368133,91.5253462595304,94.8114896639089,93.8115417834017
33.2797619047619,92.5145462613824,91.5246728156268,94.810924982919,93.8108693266611
33.2857142857143,92.5139959756979,91.524012227856,94.8103710851533,93.8102089606158
33.2916666666667,92.5134566409471,91.5233675766909,94.8098279706117,93.8095623142725
33.2976190476191,92.5129292496197,91.5227343711089,94.8092960318604,93.8089310902994
33.3035714285714,92.512411381961,91.5221126111101,94.8087749051567,93.8083113407495
33.3095238095238,92.5119030379708,91.5215022966945,94.8082638676732,93.8077030656229
33.3154761904762,92.5114042176492,91.520903427862,94.8077629194098,93.8071062649197
33.3214285714286,92.5109149209962,91.5203160046126,94.8072744075371,93.8065209386397
33.3273809523809,92.5104351480117,91.519742126028,94.8067965678404,93.805947086783
33.3333333333333,92.5099669410934,91.5191832959661,94.806328161548,93.8053836519538
33.3392857142857,92.5095100814965,91.5186355567854,94.8058691886601,93.8048320782611
33.3452380952381,92.5090624321385,91.518098908486,94.8054196491766,93.804293448957
33.3511904761905,92.5086239930194,91.5175733510679,94.8049795430976,93.8037677640417
33.3571428571429,92.5081947641393,91.5170588845311,94.8045488704229,93.8032557964626
33.3630952380952,92.5077747454981,91.5165555088756,94.8041313050784,93.802755464329
33.3690476190476,92.5073639370958,91.5160658594629,94.8037226949774,93.8022667233633
33.375,92.5069646639341,91.5155899490167,94.8033230367984,93.8017913843943
33.3809523809524,92.5065757128098,91.5151245537831,94.8029323305414,93.8013300045966
33.3869047619048,92.5061954924306,91.5146696737621,94.8025505762062,93.8008790105596
33.3928571428571,92.5058240027967,91.5142253089539,94.8021777737931,93.8004384022832
33.3988095238095,92.505461243908,91.5137914593583,94.8018144006294,93.8000081797675
33.4047619047619,92.5051072157645,91.5133681249754,94.801463010573,93.7995883430125
33.4107142857143,92.5047619183662,91.5129583753917,94.8011199774468,93.7991788920181
33.4166666666667,92.5044242678361,91.5125609573264,94.8007853012507,93.7987833222903
33.4226190476191,92.5040955446973,91.5121734085224,94.8004589819847,93.7983991344212
33.4285714285714,92.5037762731373,91.5117957289796,94.8001410196489,93.7980246800707
33.4345238095238,92.503466604982,91.511427918698,94.7998314142433,93.7976599592388
33.4404761904762,92.503166462326,91.5110699776777,94.7995297754669,93.7973049719254
33.4464285714286,92.5028747533728,91.5107219059187,94.7992355819212,93.7969597181307
33.4523809523809,92.5025914781226,91.5103871528869,94.7989503638275,93.7966241978545
33.4583333333333,92.5023159518661,91.5100633784914,94.798674121186,93.7963021531285
33.4642857142857,92.5020487248144,91.5097488339198,94.7984072239926,93.7959901442529
33.4702380952381,92.5017902725346,91.5094435191722,94.7981485912598,93.7956872708522
33.4761904761905,92.5015400980949,91.5091474342485,94.7978979951707,93.7953935329263
33.4821428571429,92.5012973763945,91.5088605791487,94.7976562708132,93.7951089304752
33.4880952380952,92.5010626222515,91.508582953873,94.7974240830947,93.794833463499
33.4940476190476,92.5008362548181,91.5083182557604,94.7971991057093,93.7945671319976
33.5,92.5006177926986,91.5080632738739,94.796981338657,93.7943139313647
33.5059523809524,92.5004090052892,91.5078169382845,94.796770781938,93.7940695887291
33.5119047619048,92.5002079797094,91.5075792489924,94.796567435552,93.7938337614052
33.5178571428571,92.5000138970017,91.5073502059974,94.7963712994993,93.793606449393
33.5238095238095,92.4998267571658,91.5071298092996,94.7961841657273,93.7933876526924
33.5297619047619,92.4996465602019,91.5069180588989,94.7960048277937,93.7931773713036
33.5357142857143,92.49947330611,91.5067188892895,94.7958321554941,93.7929757637136
33.5416666666667,92.4993074913569,91.5065283083518,94.7956661488286,93.7927865107682
33.5476190476191,92.4991506812363,91.5063458231486,94.7955068077972,93.792605214992
33.5535714285714,92.4990003335373,91.50617143368,94.7953541323999,93.7924318763849
33.5595238095238,92.4988564482599,91.5060051399459,94.7952081226366,93.792266494947
33.5654761904762,92.4987190254039,91.5058469419465,94.795070752282,93.7921090706783
33.5714285714286,92.4985880649695,91.5056968560248,94.7949402573413,93.7919596035788
33.5773809523809,92.4984635669565,91.5055588030673,94.794815962291,93.7918182574086
33.5833333333333,92.4983450976155,91.5054283803449,94.7946978671312,93.7916858911641
33.5892857142857,92.4982324389422,91.5053055878575,94.7945859718619,93.7915616368495
33.5952380952381,92.498126720998,91.5051904256052,94.794480276483,93.7914454944645
33.6011904761905,92.498027943783,91.505082893588,94.7943807809946,93.7913379985351
33.6071428571429,92.497936406505,91.5049829918059,94.7942895780916,93.7912386173369
33.6130952380952,92.4978511912901,91.5048911751933,94.7942044927543,93.7911469915983
33.6190476190476,92.4977722304482,91.5048103509848,94.7941251800744,93.7910635973543
33.625,92.4977002366886,91.5047366537668,94.7940516400519,93.7909904471439
33.6309523809524,92.4976349211665,91.5046700835391,94.7939838726868,93.79092421537
33.6369047619048,92.4975754313777,91.5046106403018,94.7939218779791,93.7908649020325
33.6428571428571,92.4975217673221,91.5045583240549,94.7938656559288,93.7908125071315
33.6488095238095,92.4974739289998,91.5045131347984,94.7938173787096,93.7907670306669
33.6547619047619,92.4974322949463,91.504475924635,94.7937745538553,93.7907284726388
33.6607142857143,92.4973972755454,91.504448621578,94.7937371277092,93.7906984926726
33.6666666666667,92.4973677552442,91.5044280224805,94.7937051002711,93.7906769323554
33.6726190476191,92.4973437340427,91.5044141273427,94.7936784715411,93.7906618733427
33.6785714285714,92.4973252119408,91.5044069361643,94.7936572415191,93.7906533156347
33.6845238095238,92.4973123267232,91.5044064489456,94.7936416040334,93.7906512592313
33.6904761904762,92.4973068500991,91.5044126656864,94.7936331775853,93.7906557041325
33.6964285714286,92.497306456533,91.504426779285,94.7936298211994,93.7906666503384
33.7023809523809,92.497311146025,91.5044497918665,94.7936315348758,93.7906860106522
33.7083333333333,92.497320918575,91.504479132279,94.7936383186144,93.7907128474879
33.7142857142857,92.4973357741832,91.5045148005226,94.7936501724154,93.7907458573787
33.7202380952381,92.4973557128493,91.5045567965972,94.7936670962786,93.7907850403246
33.7261904761905,92.4973813447462,91.5046051205028,94.7936895114946,93.7908303963255
33.7321428571429,92.4974134113758,91.5046597722394,94.793718529063,93.7908819253816
33.7380952380952,92.4974502952663,91.5047222406271,94.7937522899284,93.7909396274928
33.7440476190476,92.4974919964174,91.5047927059282,94.7937907940907,93.7910057479877
33.75,92.4975385148294,91.5048691557146,94.7938340415499,93.7910785944305
33.7559523809524,92.4975898505021,91.5049515899863,94.7938820323061,93.7911572368286
33.7619047619048,92.4976460034356,91.5050400087433,94.7939347663592,93.7912416751819
33.7678571428571,92.4977077915507,91.5051344119856,94.7939925849834,93.7913319094903
33.7738095238095,92.4977754292639,91.5052347997131,94.794055875987,93.7914279397539
33.7797619047619,92.4978476291142,91.5053428790754,94.7941238354589,93.7915297659728
33.7857142857143,92.4979243911018,91.5054581209163,94.7941964633992,93.7916397721602
33.7916666666667,92.4980057152265,91.5055790411129,94.7942737598078,93.7917557961384
33.7976190476191,92.4980916014883,91.5057056396651,94.7943554611267,93.7918773265325
33.8035714285714,92.4981820498873,91.5058379165729,94.7944413133286,93.7920043633426
33.8095238095238,92.4982780429709,91.5059758718363,94.7945320592698,93.7921369065685
33.8154761904762,92.4983793426909,91.5061195054554,94.7946277952226,93.7922749562103
33.8214285714286,92.4984849733946,91.5062706789077,94.7947282785118,93.7924185122681
33.8273809523809,92.4985949350821,91.5064282659685,94.7948332866884,93.7925699995925
33.8333333333333,92.4987092277532,91.5065912523605,94.7949424020468,93.7927268898018
33.8392857142857,92.498827851408,91.5067596380839,94.7950559036586,93.7928890209099
33.8452380952381,92.4989508060466,91.5069334231386,94.7951741266439,93.7930563929168
33.8511904761905,92.4990792627986,91.5071126075245,94.7952970032582,93.7932290058225
33.8571428571429,92.4992125670222,91.5072971912418,94.7954242425783,93.7934068596271
33.8630952380952,92.499349968654,91.5074894206352,94.795556944386,93.7935900103797
33.8690476190476,92.4994914676939,91.5076874221812,94.7956940720074,93.7937794754862
33.875,92.499637064142,91.5078904777108,94.7958351393924,93.7939742145106
33.8809523809524,92.4997867579983,91.5080985872242,94.7959801465409,93.794174227453
33.8869047619048,92.4999405492628,91.5083117507212,94.796129093453,93.7943795143132
33.8928571428571,92.500099797586,91.5085299682019,94.7962819801286,93.7945895226145
33.8988095238095,92.5002634559789,91.5087532396663,94.7964387165391,93.7948046922533
33.9047619047619,92.5004309973326,91.5089839926603,94.7965990259406,93.7950254375599
33.9107142857143,92.5006024216471,91.5092199036012,94.7967636417651,93.7952517473526
33.9166666666667,92.5007777289224,91.5094606170552,94.7969326171694,93.7954831867266
33.9226190476191,92.5009569191584,91.5097061330222,94.7971056638081,93.7957210691517
33.9285714285714,92.5011399923553,91.5099564515023,94.7972823917473,93.7959644874333
33.9345238095238,92.5013283345307,91.5102115724954,94.7974626679193,93.7962124509257
33.9404761904762,92.5015206753915,91.5104714960016,94.7976470847891,93.7964649596288
33.9464285714286,92.5017167441115,91.5107386667259,94.7978356423567,93.7967220135427
33.9523809523809,92.5019165406906,91.5110104637055,94.7980284932432,93.7969836126674
33.9583333333333,92.5021200651288,91.5112868526281,94.7982254962826,93.7972497762804
33.9642857142857,92.5023273174261,91.5115678334935,94.7984262126869,93.7975229371942
33.9702380952381,92.5025382975825,91.5118534063019,94.7986306424559,93.7978003851309
33.9761904761905,92.5027537942653,91.5121435710531,94.7988389561391,93.7980821200904
33.9821428571429,92.5029730252363,91.5124383740968,94.7990512960505,93.7983681420729
33.9880952380952,92.5031959485564,91.5127383137086,94.7992672167582,93.7986584510782
33.9940476190476,92.5034225642255,91.5130430324945,94.7994867182622,93.7989530471065
34,92.5036528722438,91.5133525304546,94.7997098005625,93.7992519301576
34,92.5036528722438,91.5133525304546,94.7997098005625,93.7992519301576
34.0059523809524,92.5038308883298,91.5135913839537,94.7998817773109,93.7994816328026
34.0119047619048,92.5039032528689,91.5136905639458,94.79995019293,93.7995746266529
34.0178571428571,92.5038907563661,91.5136746396875,94.799935594421,93.7995535668762
34.0238095238095,92.5037911645458,91.5135423175743,94.7998361056443,93.7994233565829
34.0297619047619,92.5036157264821,91.5133184146471,94.7996605129029,93.799194158279
34.0357142857143,92.5033777163482,91.5130059493571,94.7994237437179,93.7988850227888
34.0416666666667,92.5030777005826,91.5126113099039,94.7991250495546,93.7984930714123
34.0476190476191,92.5027221860888,91.5121546616165,94.7987655639442,93.7980339039326
34.0535714285714,92.5023152614487,91.5116349280365,94.7983647853567,93.7975188852424
34.0595238095238,92.5018606160884,91.5110558473525,94.7979227137919,93.7969458627639
34.0654761904762,92.5013743037822,91.5104363770996,94.797437358161,93.7963229014163
34.0714285714286,92.5008563245299,91.5097765172779,94.7969150194623,93.7956646723603
34.0773809523809,92.5003066783316,91.5090797837439,94.7963679011118,93.794971175596
34.0833333333333,92.4997230269036,91.5083561925973,94.7957960031095,93.794239406932
34.0892857142857,92.4991218254578,91.5076062841976,94.7951993254554,93.7934830790615
34.0952380952381,92.4985038618401,91.5068300585447,94.7945808736814,93.7927082084996
34.1011904761905,92.4978691360505,91.5060269950126,94.7939490889565,93.7919147952462
34.1071428571429,92.4972159987992,91.5052106079896,94.7933040243814,93.7911029428803
34.1130952380952,92.4965491152868,91.5043841462168,94.7926456799561,93.7902797893412
34.1190476190476,92.4958766811845,91.5035476096941,94.7919740556806,93.7894489485024
34.125,92.4951986964923,91.5027022151486,94.7912897809708,93.7886104203639
34.1309523809524,92.4945151612102,91.5018544039772,94.7906018396152,93.7877642049257
34.1369047619048,92.4938260753382,91.5010049760943,94.7899109605202,93.7869100696496
34.1428571428571,92.4931319543344,91.5001539314998,94.7892171436859,93.7860530798002
34.1488095238095,92.4924380426947,91.4993012701938,94.7885199111355,93.7851979540796
34.1547619047619,92.4917448507533,91.4984469053856,94.7878229096895,93.7843446924877
34.1607142857143,92.4910523785103,91.4975946557271,94.78712850236,93.7834932632434
34.1666666666667,92.4903611674787,91.4967485067254,94.7864366891471,93.7826462869443
34.1726190476191,92.4896741484356,91.4959084583805,94.7857474700507,93.7818054976861
34.1785714285714,92.4889915733846,91.4950745106925,94.7850608530962,93.7809708954688
34.1845238095238,92.4883134423257,91.4942466636612,94.784379130173,93.7801429729982
34.1904761904762,92.4876390971434,91.493424307821,94.7837038139069,93.7793245150352
34.1964285714286,92.4869715054834,91.492611745542,94.7830349042981,93.7785154128665
34.2023809523809,92.4863111744621,91.4918090126154,94.7823724013466,93.7777156664922
34.2083333333333,92.4856581040793,91.4910161090415,94.7817163050522,93.7769252759123
34.2142857142857,92.4850129514899,91.4902342495725,94.7810693334177,93.7761442411267
34.2202380952381,92.4843763860601,91.489463446054,94.7804308818298,93.7753725621356
34.2261904761905,92.4837482727788,91.4887034438125,94.7798009052857,93.7746128947857
34.2321428571429,92.483128611646,91.4879542428479,94.7791794037856,93.7738658696905
34.2380952380952,92.4825165369466,91.4872185103683,94.7785663773293,93.7731300493578
34.2440476190476,92.4819134114853,91.4864960694309,94.7779618259168,93.7724054337877
34.25,92.4813203086841,91.4857848253193,94.7773664215029,93.7716920229801
34.2559523809524,92.4807372285429,91.4850847780333,94.7767828036695,93.7709898169351
34.2619047619048,92.4801631611882,91.4843959275731,94.776208659529,93.7702988156527
34.2678571428571,92.4795989314531,91.4837182739387,94.7756439890814,93.7696178434708
34.2738095238095,92.4790449042998,91.4830518171299,94.7750887923267,93.7689494190618
34.2797619047619,92.478500702575,91.4823958004919,94.7745430692649,93.7682943072323
34.2857142857143,92.4779670938368,91.4817526961233,94.7740068198961,93.7676525079824
34.2916666666667,92.4774445091192,91.4811230127297,94.7734812826272,93.7670250266397
34.2976190476191,92.4769321276199,91.4805060823199,94.7729680026764,93.7664098997933
34.3035714285714,92.476429792446,91.4799005585957,94.7724643444529,93.7658070553413
34.3095238095238,92.4759364549391,91.4793064135794,94.7719703079569,93.7652175058422
34.3154761904762,92.4754529545777,91.4787253860852,94.7714858931884,93.7646439410965
34.3214285714286,92.4749801220733,91.478157476113,94.7710111001472,93.7640817134097
34.3273809523809,92.4745179574262,91.4776029132729,94.7705459288335,93.7635308227817
34.3333333333333,92.4740670806404,91.4770617001872,94.7700920413368,93.7629912692127
34.3392857142857,92.4736260328048,91.4765323351832,94.7696497923794,93.7624630527025
34.3452380952381,92.4731947222186,91.4760148182607,94.769216868443,93.7619461732513
34.3511904761905,92.4727740489296,91.4755130102092,94.7687932695274,93.7614434919916
34.3571428571429,92.4723654334104,91.4750230643384,94.7683789956327,93.7609544287816
34.3630952380952,92.4719657347738,91.4745438094858,94.7679740467588,93.7604761510649
34.3690476190476,92.4715749530196,91.4740752456511,94.7675784229058,93.7600086588414
34.375,92.4711930881479,91.4736173728346,94.7671941365359,93.7595519521113
34.3809523809524,92.4708201401587,91.4731701910361,94.766820503703,93.7591060308744
34.3869047619048,92.4704561090519,91.4727334232691,94.7664556583527,93.7586708951309
34.3928571428571,92.4701030881932,91.4723061736156,94.766099600485,93.7582498484576
34.3988095238095,92.4697601715874,91.471890804875,94.7657523301001,93.7578409771845
34.4047619047619,92.4694256623719,91.4714873170473,94.7654138471977,93.7574422893458
34.4107142857143,92.4690995605468,91.471096231321,94.7650841517781,93.7570537849415
34.4166666666667,92.4687818661121,91.4707166874008,94.764765527932,93.7566754639716
34.4226190476191,92.4684725790678,91.470347688769,94.7644564465609,93.7563073264361
34.4285714285714,92.4681716994138,91.4699892354255,94.7641555412601,93.7559493723349
34.4345238095238,92.4678816942592,91.4696448190939,94.7638628120295,93.7556052960621
34.4404761904762,92.4676007000872,91.4693109461178,94.7635782588693,93.7552720374718
34.4464285714286,92.4673275327155,91.4689864691516,94.7633018817794,93.7549482760804
34.4523809523809,92.467062192144,91.4686713881953,94.7630336807597,93.7546340118878
34.4583333333333,92.4668046783727,91.4683657032489,94.762776122172,93.754329244894
34.4642857142857,92.4665549914015,91.4680694143124,94.7625270169851,93.7540339750991
34.4702380952381,92.4663131312306,91.4677830227967,94.7622854855975,93.7537482025031
34.4761904761905,92.4660817266404,91.4675101775495,94.7620515280092,93.7534706428126
34.4821428571429,92.4658583014551,91.467246152793,94.7618251442203,93.7532032917004
34.4880952380952,92.4656421635768,91.466990948527,94.7616063342307,93.7529464277007
34.4940476190476,92.4654333130053,91.4667445647515,94.7613950980405,93.752699076018
34.5,92.4652317497407,91.4665070014666,94.7611939136691,93.7524608873079
34.5059523809524,92.465037473783,91.4662782586722,94.7610001909748,93.7522328045418
34.5119047619048,92.4648504851323,91.4660593508696,94.7608135045029,93.7520148936889
34.5178571428571,92.464673525022,91.4658525072431,94.7606338542535,93.7518070874866
34.5238095238095,92.4645036287777,91.4656539802903,94.7604612402264,93.7516083905956
34.5297619047619,92.4643405121155,91.4654637700112,94.7602956624218,93.7514200340886
34.5357142857143,92.4641841750355,91.4652818764058,94.7601371208395,93.7512426379535
34.5416666666667,92.4640346175375,91.4651082994741,94.7599883071482,93.7510732806158
34.5476190476191,92.4638918396217,91.464943039216,94.7598460584312,93.7509119620756
34.5535714285714,92.4637559043389,91.4647875485301,94.7597102941853,93.7507586823329
34.5595238095238,92.463629396243,91.4646429282831,94.7595810144106,93.7506134413877
34.5654761904762,92.4635092127349,91.4645061062643,94.7594582191071,93.75047623924
34.5714285714286,92.4633953538148,91.4643770824737,94.7593419082748,93.7503460253805
34.5773809523809,92.4632878194824,91.4642558569114,94.7592323039178,93.7502240745435
34.5833333333333,92.463186609738,91.4641424295773,94.7591314046661,93.7501109369494
34.5892857142857,92.4630917245815,91.4640368004714,94.7590365509922,93.7500068862255
34.5952380952381,92.4630035190512,91.4639407429174,94.758947742896,93.7499114202726
34.6011904761905,92.4629238006076,91.4638543722798,94.7588649803776,93.7498238620047
34.6071428571429,92.4628499780134,91.4637753572799,94.758788263437,93.7497445482927
34.6130952380952,92.4627820512686,91.4637036979177,94.7587175920742,93.7496757666218
34.6190476190476,92.4627200203732,91.4636393941931,94.7586527063345,93.7496140400138
34.625,92.4626638853272,91.4635824461063,94.7585930399852,93.7495593684687
34.6309523809524,92.4626136461306,91.4635328536571,94.7585398509979,93.7495117519864
34.6369047619048,92.4625699084265,91.4634927252604,94.7584931393727,93.749471190567
34.6428571428571,92.4625337924373,91.4634612849427,94.7584516005305,93.7494376842104
34.6488095238095,92.462503197361,91.4634367570011,94.7584161785316,93.7494105868651
34.6547619047619,92.4624781231974,91.4634191414357,94.7583870264835,93.7493903230754
34.6607142857143,92.4624585699467,91.4634084382464,94.7583642370289,93.7493778693886
34.6666666666667,92.4624445376088,91.4634046474332,94.7583473819272,93.7493733948334
34.6726190476191,92.4624360261837,91.4634077689962,94.7583362886007,93.7493766284817
34.6785714285714,92.4624326044516,91.4634169489811,94.7583298251049,93.7493869101116
34.6845238095238,92.4624342134014,91.4634333096363,94.7583291782387,93.7494047104529
34.6904761904762,92.4624418156736,91.4634574163907,94.7583344313846,93.7494318734572
34.6964285714286,92.4624554350109,91.4634895352938,94.7583457741568,93.7494652770054
34.7023809523809,92.4624752216557,91.4635290849032,94.7583626401458,93.7495049210975
34.7083333333333,92.4625004481652,91.4635755833869,94.7583848857772,93.7495508057335
34.7142857142857,92.4625311145395,91.463629976964,94.758413104325,93.7496029309135
34.7202380952381,92.4625686052385,91.463692916906,94.7584469957758,93.7496612966374
34.7261904761905,92.4626115461097,91.463762044116,94.758485915862,93.7497254908997
34.7321428571429,92.4626594096899,91.4638373585939,94.7585298645833,93.7497960857815
34.7380952380952,92.4627121959792,91.4639188603397,94.7585788419399,93.7498736862646
34.7440476190476,92.4627699049774,91.4640065493535,94.7586332404682,93.7499583035138
34.75,92.4628325366846,91.4641004256352,94.7586931792767,93.7500493348721
34.7559523809524,92.4629000093501,91.4642026332501,94.7587578695168,93.7501483535916
34.7619047619048,92.462971896915,91.4643117576678,94.7588273111886,93.7502541949235
34.7678571428571,92.4630491305309,91.4644267006126,94.7589015042919,93.750365737913
34.7738095238095,92.4631317938999,91.4645474620845,94.7589808392209,93.7504829825601
34.7797619047619,92.4632195623065,91.4646740420835,94.759066234509,93.7506059288646
34.7857142857143,92.4633122627881,91.4648064406096,94.7591560208301,93.7507345768267
34.7916666666667,92.4634114613656,91.4649446576628,94.7592501981842,93.7508690004712
34.7976190476191,92.4635151922007,91.4650910571133,94.7593487665714,93.7510118084868
34.8035714285714,92.463623370296,91.4652436112415,94.7594517259916,93.7511599900984
34.8095238095238,92.4637359956516,91.4654017030922,94.7595590764449,93.7513135453059
34.8154761904762,92.4638530682674,91.4655653326654,94.7596716076634,93.7514724741092
34.8214285714286,92.4639745881435,91.4657344999612,94.7597894048592,93.7516367765086
34.8273809523809,92.4641012329169,91.4659092049793,94.7599113769281,93.7518064525038
34.8333333333333,92.4642333779651,91.46608944772,94.7600375238703,93.7519819402644
34.8392857142857,92.464369729699,91.4662778391105,94.7601678456857,93.7521650187837
34.8452380952381,92.4645102881187,91.466471730224,94.7603023423742,93.752353193936
34.8511904761905,92.464655053224,91.4666708508815,94.760441013936,93.7525464657213
34.8571428571429,92.4648040250151,91.4668752010832,94.7605848528489,93.7527448341394
34.8630952380952,92.4649572034919,91.4670847808288,94.7607335009097,93.7529482991906
34.8690476190476,92.4651154645792,91.4672995901185,94.7608860998878,93.7531568608746
34.875,92.4652787023062,91.4675196850285,94.761042649783,93.7533711944469
34.8809523809524,92.4654459431766,91.467747841788,94.7612031505955,93.753592331453
34.8869047619048,92.4656171871904,91.4679809260252,94.7613676023252,93.7538183382325
34.8928571428571,92.4657924343476,91.4682189377402,94.7615360049722,93.7540492147854
34.8988095238095,92.4659716846483,91.4684618769328,94.7617094705421,93.7542849611116
34.9047619047619,92.4661549380923,91.4687097436031,94.7618873035948,93.7545255772112
34.9107142857143,92.466343165265,91.4689625377511,94.7620689031769,93.7547710630842
34.9166666666667,92.4665359132157,91.4692206228018,94.7622542692885,93.7550223233128
34.9226190476191,92.4667324887256,91.4694859891251,94.7624434019295,93.7552797788174
34.9285714285714,92.4669328917949,91.4697560418332,94.7626363011001,93.755541849625
34.9345238095238,92.4671371224234,91.470030780926,94.7628329668001,93.7558085357355
34.9404761904762,92.4673451806113,91.4703102064036,94.7630327828206,93.756079837149
34.9464285714286,92.4675570663584,91.4705943182659,94.7632364945886,93.7563557538654
34.9523809523809,92.4677739240065,91.470883116513,94.7634443227657,93.7566362858848
34.9583333333333,92.4679949164127,91.4711772610849,94.7636562673518,93.7569228021688
34.9642857142857,92.4682195337841,91.4714780778201,94.7638716302822,93.7572151395739
34.9702380952381,92.4684477761206,91.4717833403389,94.7640907468548,93.7575117634109
34.9761904761905,92.4686796434223,91.4720930486415,94.7643138707334,93.7578126736798
34.9821428571429,92.468915135689,91.4724072027278,94.7645410019181,93.7581178703807
34.9880952380952,92.4691542529209,91.4727258025977,94.7647722031604,93.7584273535135
34.9940476190476,92.4693971400846,91.4730488482514,94.7650071587985,93.7587411230783
35,92.4696438497397,91.4733763396887,94.7652457821836,93.759059179075
35,92.4696438497397,91.4733763396887,94.7652457821836,93.759059179075
35.0059523809524,92.4698383037263,91.4736324330702,94.7654333365301,93.7593080392393
35.0119047619048,92.4699270682431,91.4737531335111,94.7655173227776,93.7594200560772
35.0178571428571,92.4699309366609,91.4737515680438,94.7655182786701,93.7594194494879
35.0238095238095,92.4698476717004,91.4736355246083,94.765437133606,93.7593043511087
35.0297619047619,92.4696885383719,91.4734292531658,94.765282778655,93.7590985773618
35.0357142857143,92.4694668063304,91.4731338166744,94.7650582993497,93.7588076918881
35.0416666666667,92.4691806892983,91.4727568474212,94.7647710908586,93.7584318699553
35.0476190476191,92.468836694388,91.4723176606398,94.7644286547113,93.7579955979785
35.0535714285714,92.4684498599864,91.471814797308,94.7640439184482,93.7574989208338
35.0595238095238,92.4680201860933,91.4712536766104,94.7636168820693,93.7569401302829
35.0654761904762,92.4675445676107,91.4706519310086,94.7631496907704,93.756341077386
35.0714285714286,92.4670375797204,91.4700095605027,94.7626504851066,93.7557029068044
35.0773809523809,92.4665045273921,91.4693307450348,94.7621196733047,93.7550230839693
35.0833333333333,92.4659454106258,91.4686251393778,94.7615601917052,93.7543111518034
35.0892857142857,92.4653576641154,91.4678930600153,94.7609790399111,93.7535776078721
35.0952380952381,92.4647500537835,91.4671345069471,94.7603764409323,93.7528224521753
35.1011904761905,92.4641299055462,91.4663491187976,94.7597560743784,93.7520457679651
35.1071428571429,92.4634972194035,91.4655506447496,94.7591231126496,93.7512546684223
35.1130952380952,92.4628519953555,91.4647420203926,94.7584775792141,93.7504533861257
35.1190476190476,92.4621923255964,91.4639232457268,94.7578192473348,93.7496419210754
35.125,92.4615255901119,91.4630925648504,94.7571520909082,93.7488202732713
35.1309523809524,92.4608563238025,91.4622595816568,94.7564812275258,93.7479873775014
35.1369047619048,92.4601845266682,91.4614263829914,94.7558066571877,93.747149154431
35.1428571428571,92.459510198709,91.4605929688542,94.755128379894,93.7463131706155
35.1488095238095,92.4588333399248,91.4597593392452,94.7544461339803,93.7454794260549
35.1547619047619,92.4581536083334,91.4589252971793,94.7537636202908,93.7446479207491
35.1607142857143,92.457476794608,91.4580940670964,94.7530837416556,93.7438186546982
35.1666666666667,92.456804042137,91.457269246523,94.7524064980747,93.7429916279022
35.1726190476191,92.4561353509203,91.4564508354591,94.7517318895481,93.7421694609486
35.1785714285714,92.4554707209581,91.4556388339048,94.7510604274014,93.7413552515227
35.1845238095238,92.4548101522502,91.4548332418599,94.7503950186933,93.7405490021142
35.1904761904762,92.4541536447968,91.4540340593246,94.749736106175,93.739750712723
35.1964285714286,92.4535034004898,91.453243766646,94.7490836898466,93.7389603833492
35.2023809523809,92.4528608479847,91.4524640544303,94.748437769708,93.7381780139926
35.2083333333333,92.4522258983407,91.4516941229931,94.7477983457593,93.737404100525
35.2142857142857,92.451598551558,91.4509339723345,94.7471654180003,93.7366427546538
35.2202380952381,92.4509788076366,91.4501836024544,94.7465414973362,93.7358920654797
35.2261904761905,92.4503666665764,91.4494430133528,94.7459266719247,93.7351520330027
35.2321428571429,92.4497621283774,91.4487122050298,94.7453206344392,93.7344226572227
35.2380952380952,92.4491688809484,91.4479901667692,94.7447233848795,93.7337039381397
35.2440476190476,92.44858477663,91.4472801621222,94.7441349232458,93.7329958757538
35.25,92.4480097814927,91.4465828191838,94.743555249538,93.7322998223157
35.2559523809524,92.4474438955367,91.4458981379541,94.7429843637561,93.7316190003509
35.2619047619048,92.4468871187617,91.4452242793583,94.7424210782361,93.7309496916904
35.2678571428571,92.446339451168,91.444563001798,94.7418682780868,93.730291896334
35.2738095238095,92.4458012709995,91.4439147964492,94.7413260657031,93.7296456142817
35.2797619047619,92.4452758763157,91.4432796633119,94.7407945911566,93.7290108455336
35.2857142857143,92.4447600244567,91.4426584238227,94.7402742650953,93.7283875900897
35.2916666666667,92.4442537154226,91.4420495667418,94.7397640123445,93.727777959432
35.2976190476191,92.4437569492132,91.4414528525173,94.7392638329043,93.7271836041693
35.3035714285714,92.4432697258286,91.4408675100661,94.7387749821484,93.7266007829749
35.3095238095238,92.4427920452688,91.4402934050494,94.7382982194737,93.7260294958487
35.3154761904762,92.4423247783626,91.4397322604297,94.7378309969204,93.7254697427909
35.3214285714286,92.4418702056605,91.4391840762071,94.7373733144887,93.7249215238013
35.3273809523809,92.4414249882003,91.4386495323669,94.7369251721785,93.72438483888
35.3333333333333,92.440989125982,91.4381277026909,94.7364865699899,93.7238624267302
35.3392857142857,92.4405626190056,91.4376175736679,94.7360575079227,93.723354304263
35.3452380952381,92.4401454672712,91.4371191452981,94.7356405293545,93.7228572761329
35.3511904761905,92.4397376707786,91.4366315511481,94.7352340351372,93.72237134234
35.3571428571429,92.4393386765981,91.4361557814835,94.7348366997753,93.7218965028842
35.3630952380952,92.4389484742134,91.4356919647478,94.7344485232687,93.7214327577657
35.3690476190476,92.438568570353,91.4352400145476,94.7340695056175,93.7209801069844
35.375,92.438198965017,91.4347995290129,94.7336996468217,93.7205375049563
35.3809523809524,92.4378401314506,91.434370264011,94.7333389468813,93.7201062403154
35.3869047619048,92.4374908958641,91.4339527146155,94.7329903226593,93.7196873413519
35.3928571428571,92.4371508950676,91.433546507905,94.7326511264712,93.7192808857822
35.3988095238095,92.4368204169148,91.4331523190321,94.732320531284,93.7188873025862
35.4047619047619,92.4365019552237,91.4327698291665,94.7319985370976,93.7185046939897
35.4107142857143,92.4361918150302,91.432398157089,94.7316851439121,93.7181330599925
35.4166666666667,92.4358899963341,91.4320365330019,94.7313803517273,93.7177748844996
35.4226190476191,92.4355964991356,91.4316849170688,94.7310841605434,93.7174288700365
35.4285714285714,92.4353113234346,91.431344571809,94.7307996590108,93.7170926085979
35.4345238095238,92.4350344692312,91.4310154972225,94.7305235275901,93.7167661001839
35.4404761904762,92.4347673620634,91.4306983151936,94.7302553929319,93.7164493447945
35.4464285714286,92.4345102070353,91.4303913308855,94.7299952550361,93.7161423424296
35.4523809523809,92.4342607934406,91.4300943907542,94.7297431139028,93.7158450930893
35.4583333333333,92.4340191212791,91.4298091139397,94.7294989695319,93.7155615569681
35.4642857142857,92.433785190551,91.4295359989148,94.729262802982,93.715287741018
35.4702380952381,92.4335590012562,91.4292718324762,94.7290332397481,93.7150230418766
35.4761904761905,92.4333405533947,91.4290166146239,94.7288122404458,93.7147674595439
35.4821428571429,92.4331316046216,91.4287703453579,94.7285998050751,93.7145209940201
35.4880952380952,92.4329314823078,91.4285330246782,94.7283962351113,93.714283645305
35.4940476190476,92.4327385455893,91.4283046525848,94.7282007627512,93.7140554133987
35.5,92.4325527944662,91.428088435695,94.7280129626398,93.7138407536885
35.5059523809524,92.4323742289385,91.4278820936397,94.7278331788491,93.7136345637811
35.5119047619048,92.4322028490062,91.4276841632473,94.7276631428504,93.7134368328269
35.5178571428571,92.4320386546693,91.4274946445177,94.7274999733372,93.713247560826
35.5238095238095,92.4318836418263,91.4273135374508,94.7273436703094,93.7130667477784
35.5297619047619,92.4317364768469,91.4271408420468,94.727194233767,93.712894393684
35.5357142857143,92.4315959813055,91.4269765583056,94.7270516637101,93.7127309752685
35.5416666666667,92.4314621552021,91.4268242021633,94.7269159601387,93.7125796231389
35.5476190476191,92.4313349985367,91.4266805874605,94.7267883934063,93.7124361958265
35.5535714285714,92.4312145113094,91.4265449137941,94.7266687769273,93.7123006933315
35.5595238095238,92.4311006935201,91.4264171811642,94.7265555298384,93.7121731156538
35.5654761904762,92.4309925960305,91.4262973895709,94.7264486521396,93.7120534627934
35.5714285714286,92.4308913602887,91.426185539014,94.7263481438309,93.7119417347503
35.5773809523809,92.4307973591385,91.4260816294936,94.7262540049122,93.7118388156069
35.5833333333333,92.4307107902839,91.425989344654,94.7261662353837,93.7117467292517
35.5892857142857,92.430631297927,91.4259048234191,94.7260840642956,93.7116620559159
35.5952380952381,92.4305582941719,91.4258277933949,94.7260080939635,93.7115847955995
35.6011904761905,92.4304917790187,91.4257582545812,94.7259389459475,93.7115149483027
35.6071428571429,92.4304339245597,91.4256962069781,94.7258767463958,93.7114525140253
35.6130952380952,92.4303819856797,91.4256416505856,94.7258213243929,93.7113974927674
35.6190476190476,92.4303358724399,91.425594748697,94.7257720681925,93.7113511073485
35.625,92.4302955848401,91.4255589255316,94.7257289777949,93.7113143957857
35.6309523809524,92.4302611228804,91.4255301423761,94.7256939833888,93.7112846441408
35.6369047619048,92.4302324865607,91.4255083992303,94.725664718332,93.7112618524138
35.6428571428571,92.4302092712147,91.4254936960943,94.7256409850058,93.7112460206046
35.6488095238095,92.4301913092429,91.4254860329681,94.7256227834102,93.7112371487134
35.6547619047619,92.4301796493484,91.4254854098517,94.7256101135452,93.71123523674
35.6607142857143,92.4301742915311,91.425492372677,94.7256029754107,93.7112418215098
35.6666666666667,92.4301755063557,91.4255092570862,94.7256017231373,93.7112570860517
35.6726190476191,92.4301824251789,91.4255328006844,94.7256068778716,93.7112788863052
35.6785714285714,92.4301950378441,91.4255630034716,94.7256174359404,93.7113072222701
35.6845238095238,92.4302146158485,91.4255998654476,94.7256333973436,93.7113420939466
35.6904761904762,92.4302401321111,91.4256433866126,94.7256547620812,93.7113835013346
35.6964285714286,92.4302708134515,91.4256935669665,94.725681599293,93.7114314444341
35.7023809523809,92.4303066598698,91.4257513191765,94.7257147966931,93.7114877126663
35.7083333333333,92.4303476713658,91.4258180933089,94.7257530850295,93.7115517420712
35.7142857142857,92.4303938479396,91.4258911312808,94.7257964643022,93.7116219314024
35.7202380952381,92.4304451944516,91.4259704330921,94.7258449345112,93.71169828066
35.7261904761905,92.4305037258881,91.4260559987429,94.7258984956566,93.7117807898439
35.7321428571429,92.4305671086892,91.4261478282331,94.7259586795941,93.7118694589541
35.7380952380952,92.4306353428549,91.4262459215627,94.7260238772666,93.7119642879907
35.7440476190476,92.4307084283853,91.4263515358059,94.7260937799853,93.7120672354573
35.75,92.4307863652802,91.4264653144462,94.72616838775,93.7121771341132
35.7559523809524,92.4308691535399,91.4265849977976,94.7262477005607,93.7122928592215
35.7619047619048,92.4309570696189,91.4267105858601,94.7263317184176,93.7124144107824
35.7678571428571,92.4310515677466,91.4268420786337,94.7264205207042,93.7125417887958
35.7738095238095,92.4311506310611,91.4269794761184,94.7265150228297,93.7126749932617
35.7797619047619,92.4312542595624,91.4271227783142,94.7266141382335,93.7128140241801
35.7857142857143,92.4313624532505,91.4272734330652,94.7267178669157,93.7129583716303
35.7916666666667,92.4314752121255,91.4274313677416,94.7268262088761,93.7131089656298
35.7976190476191,92.4315925361873,91.4275949340608,94.7269391891795,93.7132661342176
35.8035714285714,92.4317149141885,91.4277641320227,94.7270576116458,93.7134295728991
35.8095238095238,92.4318432795757,91.4279389616274,94.7271804345788,93.7135990322728
35.8154761904762,92.4319759716825,91.4281194228749,94.7273076579784,93.7137767537691
35.8214285714286,92.4321129905089,91.4283055157651,94.7274392818446,93.7139597550062
35.8273809523809,92.4322543360549,91.4284989931435,94.7275753061776,93.714148035984
35.8333333333333,92.4324000083206,91.428699060388,94.727717315415,93.7143415967024
35.8392857142857,92.4325500073059,91.4289044274996,94.7278634302076,93.7145404371616
35.8452380952381,92.4327049967403,91.4291150944785,94.7280136174368,93.7147445573614
35.8511904761905,92.4328654246721,91.4293310613247,94.7281678771027,93.7149551031016
35.8571428571429,92.4330299648807,91.4295523280381,94.7283262092051,93.7151722251926
35.8630952380952,92.4331986173662,91.4297788946187,94.7284886137441,93.7153943469445
35.8690476190476,92.4333713821284,91.4300103296043,94.7286548947587,93.7156214683573
35.875,92.4335482591675,91.4302474604968,94.7288247666678,93.715853589431
35.8809523809524,92.4337292484834,91.4304906586965,94.7289990903956,93.7160907101656
35.8869047619048,92.4339140638952,91.4307396359022,94.7291778659421,93.716332830561
35.8928571428571,92.4341029500167,91.4309942680981,94.7293611480493,93.7165813517521
35.8988095238095,92.4342963673777,91.431255319569,94.7295491287402,93.7168357561659
35.9047619047619,92.4344943388146,91.4315214604999,94.7297410783576,93.717094912317
35.9107142857143,92.4346965113961,91.4317926908908,94.7299369969016,93.7173588202057
35.9166666666667,92.4349037755154,91.4320690107417,94.7301368843721,93.7176274798318
35.9226190476191,92.4351155079105,91.4323513036349,94.7303420708789,93.7179008911954
35.9285714285714,92.4353310331301,91.4326399944011,94.7305509545198,93.7181790542965
35.9345238095238,92.4355503511741,91.4329333233268,94.7307635013129,93.7184635572104
35.9404761904762,92.4357734620427,91.4332312904119,94.7309797112585,93.7187533818209
35.9464285714286,92.4360003657357,91.4335338956565,94.7311995843564,93.7190477124114
35.9523809523809,92.4362310822517,91.4338411390604,94.7314231206066,93.719346548982
35.9583333333333,92.436467110099,91.4341530206238,94.731650151555,93.7196498915327
35.9642857142857,92.4367067446226,91.4344691962928,94.7318806154539,93.7199577400634
35.9702380952381,92.4369499858225,91.4347902761579,94.7321150716079,93.7202700945742
35.9761904761905,92.4371968336987,91.4351166621794,94.7323535612247,93.7205878638843
35.9821428571429,92.4374472882514,91.4354480976768,94.7325957955686,93.7209104192261
35.9880952380952,92.4377013494803,91.4357844513393,94.7328415320793,93.7212375072144
35.9940476190476,92.4379590250001,91.4361257607841,94.7330909561416,93.7215691278491
36,92.4382204727403,91.4364718223553,94.7333442478431,93.7219052811303
36,92.4382204727403,91.4364718223553,94.7333442478431,93.7219052811303
36.0059523809524,92.4384296401752,91.4367471414465,94.7335461479972,93.7221722881736
36.0119047619048,92.4385333351137,91.436882643766,94.7336493195431,93.7223023165737
36.0178571428571,92.4385496384725,91.4369028841928,94.7336571345304,93.7223195967249
36.0238095238095,92.4384850860288,91.4368121226413,94.7335899684373,93.7222222615302
36.0297619047619,92.4383378170907,91.436618402715,94.7334498460045,93.7220341631682
36.0357142857143,92.4381286500725,91.4363394184784,94.7332432455405,93.7217608558931
36.0416666666667,92.4378605530342,91.4359880905595,94.7329749498473,93.7214025359223
36.0476190476191,92.4375343607795,91.435561528744,94.7326504621473,93.7209836854367
36.0535714285714,92.4371597461137,91.4350748352664,94.7322739975378,93.7205043391646
36.0595238095238,92.4367402856358,91.4345391959979,94.7318538966084,93.7199627561923
36.0654761904762,92.4362803336574,91.4339550324489,94.7314013008194,93.7193809290797
36.0714285714286,92.4357833940593,91.4333331365767,94.7309162101707,93.7187599567315
36.0773809523809,92.4352625595067,91.4326774372495,94.7303976793072,93.7181011198119
36.0833333333333,92.4347178299995,91.4319879344673,94.7298470311719,93.717414952156
36.0892857142857,92.4341492055378,91.4312638649023,94.7292790460609,93.7167035713011
36.0952380952381,92.4335539650145,91.4305166423294,94.7286937239743,93.7159669772471
36.1011904761905,92.432945000643,91.4297530101786,94.728091064912,93.7152054088115
36.1071428571429,92.4323252829523,91.4289723315815,94.7274690527884,93.7144279595258
36.1130952380952,92.4316948119425,91.4281749163228,94.7268340016768,93.71363921994
36.1190476190476,92.4310535876135,91.4273726781223,94.7261930757493,93.7128391900541
36.125,92.4303997720027,91.42656561698,94.725546275006,93.71202602913
36.1309523809524,92.4297422489083,91.425753732896,94.7248935994468,93.7112069283543
36.1369047619048,92.4290834378443,91.4249370258702,94.7242350490717,93.7103887131649
36.1428571428571,92.4284233388105,91.4241156068154,94.7235716263029,93.7095713835616
36.1488095238095,92.427761951807,91.4232975723087,94.7229080658096,93.7087549395446
36.1547619047619,92.4270992768338,91.4224831392719,94.7222447574533,93.7079393811139
36.1607142857143,92.4264353778013,91.4216723077051,94.7215817012338,93.7071247082693
36.1666666666667,92.4257746407454,91.4208650776083,94.7209188828641,93.7063114745712
36.1726190476191,92.4251177205989,91.4200614489815,94.7202594106548,93.7055048871864
36.1785714285714,92.4244646173619,91.4192644968971,94.719604751727,93.7047049826189
36.1845238095238,92.4238154783401,91.4184759725195,94.7189549060806,93.7039117608687
36.1904761904762,92.4231723719897,91.4176958620716,94.7183098737156,93.7031262683686
36.1964285714286,92.4225359608739,91.4169241655533,94.7176715598384,93.7023500834438
36.2023809523809,92.4219062449925,91.4161608829648,94.7170408407139,93.7015831848076
36.2083333333333,92.4212832243456,91.415406014306,94.7164176877768,93.7008255724598
36.2142857142857,92.4206663898731,91.4146592118601,94.7158021010271,93.7000792105792
36.2202380952381,92.4200580943965,91.4139208379279,94.7151940804648,93.6993450505642
36.2261904761905,92.4194585720623,91.4131942373352,94.71459362609,93.6986216550739
36.2321428571429,92.4188681043959,91.4124794100818,94.7140014296046,93.6979090241083
36.2380952380952,92.4182866529358,91.4117763918209,94.7134200667768,93.6972071576673
36.2440476190476,92.4177170208056,91.4110868142226,94.7128478326747,93.6965160557511
36.25,92.4171566405203,91.4104089058122,94.7122847272982,93.6958357183595
36.2559523809524,92.4166055120799,91.4097426665899,94.7117307506473,93.6951649644584
36.2619047619048,92.4160636354842,91.4090880965556,94.711185902722,93.6945068341763
36.2678571428571,92.4155310107334,91.4084471178599,94.7106501835223,93.6938618226881
36.2738095238095,92.4150076378274,91.4078182280048,94.7101248962799,93.6932299373524
36.2797619047619,92.4144951354219,91.4072011936622,94.7096114869111,93.6926123227438
36.2857142857143,92.4139942714979,91.4065960148323,94.7091077091301,93.6920069316813
36.2916666666667,92.4135029470252,91.4060055087229,94.708613562937,93.691413764165
36.2976190476191,92.4130211620037,91.4054289003931,94.7081290483318,93.6908338581344
36.3035714285714,92.4125489164335,91.4048635774251,94.7076541653144,93.6902699239382
36.3095238095238,92.4120862103145,91.404309539819,94.7071889138849,93.6897174203631
36.3154761904762,92.4116330436468,91.4037667875746,94.7067350722022,93.6891763474089
36.3214285714286,92.4111916735338,91.4032353206921,94.7062928603041,93.6886467050757
36.3273809523809,92.4107614783128,91.4027151391713,94.7058601362579,93.6881284933635
36.3333333333333,92.4103405834737,91.4022048141411,94.7054369000638,93.6876217122722
36.3392857142857,92.4099289890164,91.40170679197,94.7050231517217,93.6871292614432
36.3452380952381,92.409526694941,91.4012215363081,94.7046188912316,93.6866505893936
36.3511904761905,92.4091337012473,91.400749050044,94.7042241185935,93.6861828666302
36.3571428571429,92.4087500079355,91.4002903302996,94.7038410577843,93.6857260931529
36.3630952380952,92.4083745747965,91.3998429947314,94.7034688103167,93.6852802689618
36.3690476190476,92.4080086887448,91.3994070433394,94.7031055561993,93.6848453940568
36.375,92.4076530286585,91.3989834601084,94.702751295432,93.684421468438
36.3809523809524,92.4073075072594,91.398574804273,94.7024060280149,93.6840119253708
36.3869047619048,92.4069702579702,91.3981763999307,94.702069753948,93.6836147527241
36.3928571428571,92.4066428987511,91.3977882470813,94.7017424732312,93.6832279314311
36.3988095238095,92.406325429602,91.3974103457251,94.701423140996,93.6828514614917
36.4047619047619,92.4060172138909,91.3970426958618,94.7011129266584,93.682485342906
36.4107142857143,92.4057177776109,91.3966852974916,94.7008124541555,93.682129575674
36.4166666666667,92.4054278651306,91.3963408296461,94.7005218772023,93.6817841597956
36.4226190476191,92.4051476548403,91.3960087346945,94.7002410716985,93.6814528956575
36.4285714285714,92.4048767042067,91.3956862929883,94.6999690017524,93.6811326448148
36.4345238095238,92.4046143984527,91.3953735045276,94.699705667364,93.6808220729597
36.4404761904762,92.4043617927206,91.3950703693122,94.699453234392,93.6805211800921
36.4464285714286,92.4041193016587,91.3947768873423,94.6992096062114,93.6802299662122
36.4523809523809,92.403884545992,91.3944930586177,94.6989737948925,93.6799484313199
36.4583333333333,92.4036575257205,91.3942220375439,94.6987458004352,93.6796765754152
36.4642857142857,92.4034382408443,91.3939620384313,94.6985256228396,93.6794184742061
36.4702380952381,92.4032266913633,91.3937111060872,94.6983132621056,93.6791700969857
36.4761904761905,92.4030228772775,91.3934692405114,94.6981086270108,93.6789307381644
36.4821428571429,92.4028290512423,91.3932364417041,94.6979105838462,93.6787003977422
36.4880952380952,92.402643392071,91.3930127096652,94.6977209120673,93.6784790757193
36.4940476190476,92.4024649022077,91.3927980443947,94.6975396116741,93.6782667720954
36.5,92.4022935816524,91.3925913458768,94.6973669763883,93.6780634868707
36.5059523809524,92.4021294304051,91.392394252616,94.6972021408363,93.677873449094
36.5119047619048,92.4019724484657,91.3922072939996,94.6970448099024,93.6776919815735
36.5178571428571,92.4018226358344,91.3920307572519,94.6968945824108,93.6775189365592
36.5238095238095,92.4016824503619,91.3918641960961,94.6967509176887,93.677354314051
36.5297619047619,92.401549459276,91.3917066288132,94.6966149848661,93.6771981140488
36.5357142857143,92.4014231493953,91.391558055403,94.6964867839431,93.6770503365528
36.5416666666667,92.4013035207198,91.3914218182323,94.6963665632638,93.6769113175374
36.5476190476191,92.4011905732494,91.3912939278921,94.6962533408884,93.6767844925115
36.5535714285714,92.4010843069843,91.3911740148685,94.6961470821133,93.6766655133828
36.5595238095238,92.4009847219243,91.3910620791612,94.6960493280122,93.6765543801513
36.5654761904762,92.400890614624,91.3909581207704,94.6959588656902,93.6764510928169
36.5714285714286,92.4008036252202,91.3908621396961,94.6958746217933,93.6763556513797
36.5773809523809,92.4007238306498,91.3907752338243,94.6957965963215,93.6762680558396
36.5833333333333,92.4006514700491,91.3906991399078,94.6957247892746,93.6761890223618
36.5892857142857,92.4005859906305,91.3906304960145,94.6956592006529,93.6761207487043
36.5952380952381,92.4005269881466,91.3905693021443,94.6955998304561,93.6760598604498
36.6011904761905,92.4004746466381,91.3905155582972,94.6955480782796,93.6760063575983
36.6071428571429,92.4004307733553,91.3904692644731,94.6955023978132,93.6759602401498
36.6130952380952,92.4003927105446,91.3904304206722,94.695462748359,93.6759215081042
36.6190476190476,92.4003604582062,91.3904005177922,94.6954291299171,93.6758901614616
36.625,92.4003340163401,91.3903802073395,94.6954015424874,93.6758673111364
36.6309523809524,92.4003133849462,91.3903669514333,94.6953809599224,93.6758542025318
36.6369047619048,92.4002985640245,91.3903607500736,94.6953663197785,93.6758479800167
36.6428571428571,92.400290597049,91.3903616032603,94.6953573596532,93.6758486435911
36.6488095238095,92.4002896255676,91.3903695109936,94.6953540795466,93.675856193255
36.6547619047619,92.4002940918782,91.3903844732733,94.6953564794586,93.6758706290084
36.6607142857143,92.4003039959807,91.3904083201373,94.695365931214,93.6758919508513
36.6666666666667,92.4003193378751,91.390440796645,94.6953814298701,93.6759215958083
36.6726190476191,92.4003401175614,91.3904799199621,94.6954021401551,93.6759599701271
36.6785714285714,92.4003663350396,91.3905256900887,94.6954280620689,93.6760048132123
36.6845238095238,92.4003993043453,91.3905781070247,94.6954591956115,93.6760561250638
36.6904761904762,92.400438547954,91.3906371707702,94.6954955407829,93.6761139056817
36.6964285714286,92.4004828952831,91.3907028813252,94.6955370975832,93.6761781550659
36.7023809523809,92.4005323463328,91.3907747600044,94.695585634418,93.6762488732165
36.7083333333333,92.400586901103,91.3908536348914,94.6956393609409,93.6763277569064
36.7142857142857,92.4006465595936,91.3909400179865,94.695697998728,93.6764144466392
36.7202380952381,92.4007113218048,91.3910339100996,94.6957615477792,93.6765072355239
36.7261904761905,92.4007826384405,91.3911346337722,94.6958300080946,93.6766061235605
36.7321428571429,92.4008595899263,91.3912437561186,94.6959033796741,93.6767111107491
36.7380952380952,92.4009413680878,91.3913604164574,94.6959816625178,93.6768221970896
36.7440476190476,92.4010279729253,91.3914831015781,94.6960667641442,93.676939382582
36.75,92.4011194044385,91.3916118114806,94.6961565142131,93.6770635449399
36.7559523809524,92.4012156626276,91.391746546165,94.6962508931715,93.6771943815103
36.7619047619048,92.4013167474926,91.3918873056311,94.6963499010193,93.677331359481
36.7678571428571,92.4014241132891,91.3920340898792,94.6964535377567,93.6774744788517
36.7738095238095,92.4015365587002,91.3921899635417,94.6965618033834,93.677623747937
36.7797619047619,92.4016536044571,91.3923516516879,94.6966748948062,93.6777802567748
36.7857142857143,92.4017752505598,91.3925189810746,94.6967943081676,93.677942589222
36.7916666666667,92.4019014970083,91.3926919517017,94.6969180770271,93.6781107452787
36.7976190476191,92.4020323438026,91.3928705635692,94.6970462013849,93.6782847249449
36.8035714285714,92.4021677909428,91.3930548166771,94.6971786812408,93.6784655849573
36.8095238095238,92.4023073035864,91.3932448163998,94.6973155165949,93.6786535165841
36.8154761904762,92.4024517110052,91.3934417593805,94.6974567074472,93.6788467345277
36.8214285714286,92.4026008476896,91.3936444597377,94.6976026367472,93.6790452387882
36.8273809523809,92.4027543792334,91.3938529174712,94.6977542725205,93.6792490293655
36.8333333333333,92.4029128071434,91.3940671325812,94.6979100477844,93.6794581062596
36.8392857142857,92.403075523167,91.3942878003809,94.6980699625389,93.6796724694706
36.8452380952381,92.4032429126981,91.3945144271351,94.698234016784,93.6798939167683
36.8511904761905,92.4034151691465,91.3947465432719,94.6984022105196,93.6801213448529
36.8571428571429,92.4035920659469,91.3949841487913,94.6985745437459,93.6803537811644
36.8630952380952,92.4037735785245,91.3952271051539,94.6987515788982,93.6805912257027
36.8690476190476,92.4039608414172,91.3954751067483,94.6989338260124,93.6808336784678
36.875,92.4041521304241,91.395728999747,94.6991199959762,93.6810811394598
36.8809523809524,92.4043474455453,91.3959888722139,94.6993100887894,93.6813336086787
36.8869047619048,92.4045467867808,91.3962542373958,94.6995041044521,93.6815906415608
36.8928571428571,92.4047501541306,91.3965257174778,94.6997020429643,93.6818531168063
36.8988095238095,92.4049575475946,91.396802853404,94.6999039043259,93.6821213068717
36.9047619047619,92.4051698412748,91.3970850291203,94.7001103690761,93.682394874104
36.9107142857143,92.4053868353812,91.397372244627,94.7003215510797,93.6826743513868
36.9166666666667,92.4056076494572,91.3976644999237,94.7005364787202,93.6829601495044
36.9226190476191,92.4058322835028,91.3979634663583,94.7007551519975,93.6832505832688
36.9285714285714,92.4060607375179,91.3982677033647,94.7009775709116,93.6835456526801
36.9345238095238,92.4062930115025,91.3985765917694,94.7012037354627,93.6838453577383
36.9404761904762,92.4065291054567,91.3988901315723,94.7014336456506,93.6841496984433
36.9464285714286,92.406770018504,91.3992083227735,94.7016681398914,93.6844586747952
36.9523809523809,92.4070151691111,91.3995311653729,94.7019069606308,93.684774007853
36.9583333333333,92.407263977997,91.3998586593706,94.7021493316964,93.6850943324612
36.9642857142857,92.4075164451617,91.4001934422556,94.7023952530882,93.6854190352847
36.9702380952381,92.4077725706053,91.4005325818909,94.7026447248062,93.6857481163235
36.9761904761905,92.4080323543277,91.4008760733853,94.7028977468505,93.6860815755776
36.9821428571429,92.4082957963289,91.401223916739,94.703154319221,93.686419413047
36.9880952380952,92.4085631103676,91.4015761119518,94.7034145951152,93.6867616287318
36.9940476190476,92.4088342413491,91.4019326590239,94.7036786077954,93.6871084720342
37,92.4091091329607,91.402293557955,94.7039462943928,93.6874599995813
37,92.4091091329607,91.402293557955,94.7039462943928,93.6874599995813
37.0059523809524,92.4093317077998,91.4025835226244,94.704162887831,93.6877424428064
37.0119047619048,92.4094485161332,91.4027336654957,94.7042796984323,93.6878912980605
37.0178571428571,92.4094803735511,91.4027685995328,94.7043061311726,93.6879200181293
37.0238095238095,92.4094250589974,91.4026869612496,94.7042507106137,93.6878409740334
37.0297619047619,92.4092938369563,91.4025137000775,94.7041167434199,93.6876662398802
37.0357142857143,92.4090999291064,91.4022520412121,94.703923225737,93.687405870012
37.0416666666667,92.4088414833014,91.4019077915207,94.7036701575649,93.6870643190451
37.0476190476191,92.408525328542,91.4015015116295,94.7033550140255,93.6866535448554
37.0535714285714,92.4081662460784,91.4010320781204,94.702996686044,93.6861890723091
37.0595238095238,92.4077642359106,91.4005033977516,94.702598111003,93.6856709014063
37.0654761904762,92.4073162125048,91.3999342019016,94.702158712154,93.6851016864888
37.0714285714286,92.4068369539498,91.3993244905703,94.7016786631971,93.6844920806588
37.0773809523809,92.4063315406719,91.3986713270546,94.701174601975,93.6838470725483
37.0833333333333,92.4057999726712,91.3979908470159,94.7006465284879,93.6831699855663
37.0892857142857,92.4052437883877,91.3972875526327,94.7000944427356,93.6824684866191
37.0952380952381,92.4046713127807,91.3965614439049,94.6995152582962,93.6817457827903
37.1011904761905,92.4040836883622,91.3958098688805,94.698922356871,93.6810018740801
37.1071428571429,92.4034809151321,91.3950453972076,94.698318632185,93.6802379807269
37.1130952380952,92.4028629930904,91.3942720077538,94.6977040842383,93.6794634273572
37.1190476190476,92.4022292333437,91.3934897005189,94.6970787130308,93.6786800791725
37.125,92.4015884891365,91.392698475503,94.6964420261096,93.6778879361728
37.1309523809524,92.4009443078453,91.3918991510298,94.6958006581276,93.6770862755159
37.1369047619048,92.4002966894699,91.3910984298784,94.6951572283086,93.6762795887942
37.1428571428571,92.3996456340104,91.3902967535207,94.6945117366528,93.6754747506691
37.1488095238095,92.3989915611713,91.389493906208,94.69386418316,93.6746717611404
37.1547619047619,92.3983391587694,91.388692491901,94.6932145678304,93.6738706202082
37.1607142857143,92.3976888078306,91.3878949947477,94.6925628870747,93.6730713278725
37.1666666666667,92.3970405083547,91.387101414748,94.6919136752695,93.6722747921679
37.1726190476191,92.396394422114,91.3863112085481,94.6912686982956,93.671485310993
37.1785714285714,92.3957531453379,91.3855278091287,94.6906279561531,93.6707033982949
37.1845238095238,92.3951173811025,91.3847522126519,94.6899914488418,93.6699290540736
37.1904761904762,92.3944871294078,91.3839844191179,94.6893598956317,93.669162278329
37.1964285714286,92.3938625841449,91.3832251520961,94.6887355935554,93.6684030710611
37.2023809523809,92.3932459013861,91.3824756765079,94.6881186531391,93.6676514322699
37.2083333333333,92.3926371392925,91.3817358774662,94.6875090743824,93.6669110290048
37.2142857142857,92.3920362978641,91.3810057549713,94.6869068572856,93.6661815923279
37.2202380952381,92.391443377101,91.3802882170133,94.6863120018486,93.6654626837772
37.2261904761905,92.3908583770031,91.3795825993736,94.6857245080713,93.6647543033524
37.2321428571429,92.3902812975705,91.3788877193927,94.6851435181427,93.6640564510537
37.2380952380952,92.3897114376318,91.3782035770706,94.6845718533311,93.663369126881
37.2440476190476,92.3891502106027,91.3775301724072,94.6840099918475,93.6626923308344
37.25,92.3885990741999,91.3768675054025,94.6834579336919,93.6620314900115
37.2559523809524,92.3880580284236,91.3762155760566,94.6829165124179,93.6613823389356
37.2619047619048,92.3875276072173,91.3755737266667,94.6823848904826,93.660744668736
37.2678571428571,92.3870075083336,91.3749448345706,94.6818630319088,93.6601184794127
37.2738095238095,92.3864972335917,91.3743291492549,94.6813513677142,93.6595037709658
37.2797619047619,92.3859967829914,91.3737260165987,94.6808523533712,93.6589005433952
37.2857142857143,92.3855084892461,91.3731375234385,94.6803629500275,93.6583091896696
37.2916666666667,92.3850310163635,91.372563373697,94.6798831576832,93.657734755237
37.2976190476191,92.3845630494363,91.3720006642555,94.6794129763381,93.6571718932681
37.3035714285714,92.3841045884643,91.3714493951139,94.6789524059924,93.6566206037629
37.3095238095238,92.3836556334476,91.3709095662722,94.6785014466461,93.6560808867212
37.3154761904762,92.3832161843862,91.3703811777306,94.678061821565,93.6555527421432
37.3214285714286,92.38278624128,91.3698642294888,94.6776338525219,93.6550361700288
37.3273809523809,92.3823672702806,91.3693637945251,94.6772153202164,93.6545307926222
37.3333333333333,92.3819581708303,91.3688750568151,94.6768062246482,93.6540361071458
37.3392857142857,92.3815588928235,91.3683973276154,94.6764065658174,93.6535544951573
37.3452380952381,92.38116943626,91.3679306069259,94.6760163437241,93.653085956657
37.3511904761905,92.3807909060973,91.3674748947465,94.6756355583683,93.652631150292
37.3571428571429,92.3804219067646,91.3670301910774,94.6752664046329,93.6521888691792
37.3630952380952,92.3800623901459,91.3665965847549,94.6749080007098,93.6517582987366
37.3690476190476,92.3797123562411,91.3661795544335,94.6745585782251,93.6513394389642
37.375,92.3793750663709,91.3657729904953,94.6742181371789,93.650933673976
37.3809523809524,92.3790465647909,91.3653768929406,94.6738866775711,93.6505391672147
37.3869047619048,92.3787267132085,91.3649912617691,94.6735641994018,93.6501558240927
37.3928571428571,92.3784155116237,91.3646160969811,94.6732507026709,93.6497836446099
37.3988095238095,92.3781129600365,91.3642513985764,94.6729486652547,93.6494208577358
37.4047619047619,92.3778190584469,91.3638978738554,94.6726563105748,93.6490698099281
37.4107142857143,92.3775348064307,91.3635593837226,94.6723723610381,93.6487305060377
37.4166666666667,92.3772615407603,91.363230756322,94.6720968166446,93.6484034259381
37.4226190476191,92.3769963852884,91.3629119916537,94.6718296773943,93.6480875468276
37.4285714285714,92.3767393400149,91.3626030897177,94.6715709432871,93.6477821339107
37.4345238095238,92.3764904049399,91.362304050514,94.6713206143231,93.6474874353705
37.4404761904762,92.3762495800633,91.3620148740425,94.6710813394529,93.6472068981225
37.4464285714286,92.3760168653851,91.3617351236418,94.6708506517492,93.6469357064277
37.4523809523809,92.3757936728028,91.3614645245717,94.6706277746562,93.6466738602861
37.4583333333333,92.375580354494,91.3612049332183,94.670412708174,93.6464213596977
37.4642857142857,92.3753745609637,91.3609563495816,94.6702054523025,93.6461782046624
37.4702380952381,92.3751762922121,91.3607172120356,94.6700060070418,93.6459443951803
37.4761904761905,92.3749855482391,91.3604881674869,94.6698143723919,93.6457217688213
37.4821428571429,92.3748023290447,91.3602697083432,94.6696332350165,93.6455108188905
37.4880952380952,92.3746266346289,91.3600620064164,94.6694596808902,93.6453085718447
37.4940476190476,92.3744600954372,91.3598647326887,94.6692933738233,93.6451150276841
37.5,92.3743023066623,91.3596769450035,94.6691343138159,93.6449301864085
37.5059523809524,92.3741515352087,91.3594998924841,94.6689825008679,93.6447540480181
37.5119047619048,92.3740077810765,91.3593344660713,94.6688379349793,93.6445866125127
37.5178571428571,92.3738710442655,91.3591774221834,94.6687006317724,93.6444301829216
37.5238095238095,92.3737413247759,91.3590287608204,94.6685733834213,93.6442841106259
37.5297619047619,92.3736186226076,91.3588884819823,94.6684528251085,93.6441461830987
37.5357142857143,92.373504784564,91.3587565856691,94.6683389568339,93.6440164003402
37.5416666666667,92.3733987440135,91.3586330718807,94.6682317785974,93.6438947623502
37.5476190476191,92.3732992243472,91.3585207872306,94.6681312903992,93.6437812691288
37.5535714285714,92.373206225565,91.358417767881,94.6680374922392,93.6436759206761
37.5595238095238,92.373119747667,91.3583226033737,94.6679506925906,93.6435812242094
37.5654761904762,92.3730397906531,91.3582352937086,94.6678727746585,93.6434957157247
37.5714285714286,92.3729663545234,91.3581558388856,94.667801078916,93.6434178703456
37.5773809523809,92.3729013969154,91.3580842389049,94.6677356053631,93.6433476880721
37.5833333333333,92.3728433580129,91.3580204937664,94.667676354,93.6432851689041
37.5892857142857,92.3727914167934,91.3579679081113,94.6676233248265,93.6432303128417
37.5952380952381,92.3727455732569,91.3579235058337,94.6675765178427,93.6431831198849
37.6011904761905,92.3727058274034,91.3578864697485,94.6675365008862,93.6431425707278
37.6071428571429,92.3726721792329,91.3578567998556,94.6675044305018,93.6431100530145
37.6130952380952,92.3726446287455,91.357834496155,94.6674781434847,93.6430860184556
37.6190476190476,92.3726221850666,91.3578195586468,94.6674576398348,93.6430707583511
37.625,92.3726060853178,91.3578119873308,94.667442919552,93.6430635726869
37.6309523809524,92.3725965812146,91.3578152091703,94.6674339826365,93.6430639929783
37.6369047619048,92.3725938757233,91.3578257069899,94.6674308290881,93.6430715376331
37.6428571428571,92.3725975317419,91.3578431789889,94.6674342598284,93.6430857963434
37.6488095238095,92.3726071379837,91.3578676251674,94.6674448495158,93.6431079453639
37.6547619047619,92.3726225693492,91.3578990455252,94.6674608211935,93.6431380731848
37.6607142857143,92.3726428814538,91.3579374400624,94.6674821748614,93.6431762292756
37.6666666666667,92.3726693482939,91.3579829216471,94.6675089105197,93.6432215098974
37.6726190476191,92.3727019698696,91.3580387277505,94.6675410281683,93.6432739150503
37.6785714285714,92.3727409793603,91.3581011090419,94.6675785278072,93.6433360349132
37.6845238095238,92.372785686194,91.3581700655213,94.6676210589573,93.643404657779
37.6904761904762,92.3728359763807,91.3582455971886,94.6676688483886,93.6434796579111
37.6964285714286,92.372892858574,91.358327704044,94.6677224776628,93.6435610353096
37.7023809523809,92.3729558951395,91.3584163860873,94.667782038937,93.6436487899744
37.7083333333333,92.373023980674,91.3585121479998,94.6678470247443,93.6437429219056
37.7142857142857,92.3730971151777,91.3586173118875,94.6679178452325,93.6438444496392
37.7202380952381,92.3731752986505,91.358728662216,94.6679952439262,93.6439542296649
37.7261904761905,92.3732585310924,91.3588461989852,94.6680774558358,93.644069999218
37.7321428571429,92.3733468125034,91.3589699221952,94.6681644809612,93.6441917582984
37.7380952380952,92.3734419778565,91.359099831846,94.6682563193025,93.6443195069061
37.7440476190476,92.373542191489,91.3592359279376,94.6683529708596,93.6444532450411
37.75,92.373647133471,91.3593790262582,94.6684544356325,93.6445929727035
37.7559523809524,92.3737568038027,91.3595305721746,94.6685619660047,93.6447400409124
37.7619047619048,92.3738712024841,91.3596879826577,94.6686747989534,93.644894529032
37.7678571428571,92.3739903295151,91.3598512577074,94.6687921684826,93.6450546821332
37.7738095238095,92.3741141848957,91.3600203973238,94.6689140745924,93.645220500216
37.7797619047619,92.3742421873689,91.3601954015067,94.6690405172826,93.6453919832804
37.7857142857143,92.3743753735362,91.3603762702564,94.6691714965533,93.6455691313264
37.7916666666667,92.374513832817,91.3605641867222,94.6693070124045,93.6457519443539
37.7976190476191,92.3746573125873,91.3607598338106,94.6694484462776,93.6459420376304
37.8035714285714,92.3748055868107,91.36096098795,94.6695946340892,93.646138835462
37.8095238095238,92.3749601502085,91.3611676491403,94.6697451209282,93.6463409920104
37.8154761904762,92.3751193194242,91.3613798173815,94.6698999067945,93.6465485072754
37.8214285714286,92.3752827859878,91.3615974926737,94.6700589916881,93.6467613812571
37.8273809523809,92.3754505498992,91.3618206750168,94.670222375609,93.6469796139555
37.8333333333333,92.3756226111584,91.3620507675506,94.6703900585572,93.6472032053705
37.8392857142857,92.3757989697655,91.3622877840047,94.6705615341325,93.6474339953298
37.8452380952381,92.3759800970415,91.362530042921,94.6707375923864,93.6476708294887
37.8511904761905,92.3761668297788,91.3627775442994,94.6709183879599,93.6479127379808
37.8571428571429,92.3763576525572,91.3630302881401,94.6711037012944,93.6481597208061
37.8630952380952,92.3765525653768,91.363288274443,94.6712933596104,93.6484117779648
37.8690476190476,92.3767515682375,91.3635515032081,94.6714888263949,93.6486689094566
37.875,92.3769546611394,91.3638216001808,94.6716882265331,93.6489311152818
37.8809523809524,92.3771618440825,91.3640979202704,94.6718915373643,93.6492004346358
37.8869047619048,92.3773728748686,91.3643792125574,94.6720987588884,93.6494751845767
37.8928571428571,92.3775878779707,91.3646654770417,94.6723098911054,93.6497547434234
37.8988095238095,92.3778073853046,91.3649567137234,94.6725249340153,93.6500391111758
37.9047619047619,92.3780314518823,91.3652529226025,94.6727435510363,93.6503282878339
37.9107142857143,92.3782597089864,91.3655541036789,94.6729658164425,93.6506222733978
37.9166666666667,92.3784929166995,91.3658620871912,94.6731923608267,93.6509210678674
37.9226190476191,92.3787307250003,91.3661756694787,94.6734231841889,93.6512268395752
37.9285714285714,92.3789723102123,91.3664939657047,94.6736584531629,93.6515374877011
37.9345238095238,92.3792176723355,91.3668169758693,94.6738979876354,93.6518526998859
37.9404761904762,92.3794668113699,91.3671446999723,94.6741413358537,93.6521724761296
37.9464285714286,92.3797197273154,91.3674771380139,94.6743884978179,93.6524968164321
37.9523809523809,92.3799764201722,91.367814289994,94.6746391955313,93.6528257207936
37.9583333333333,92.3802383788529,91.3681581272534,94.6748932329948,93.6531591892139
37.9642857142857,92.3805040396643,91.3685069814375,94.6751512700813,93.6534995922796
37.9702380952381,92.380773281077,91.368860317826,94.6754133067907,93.6538443433037
37.9761904761905,92.3810461030909,91.369218136419,94.6756795037239,93.6541934161326
37.9821428571429,92.3813225057059,91.3695804372164,94.6759497676987,93.6545468107664
37.9880952380952,92.3816024889222,91.3699472202182,94.676223600795,93.654904527205
37.9940476190476,92.3818860550331,91.3703184854244,94.6765010030128,93.6552665654486
38,92.3821733603162,91.3706944278503,94.6767819743519,93.655632925497
38,92.3821733603162,91.3706944278503,94.6767819743519,93.655632925497
38.0059523809524,92.3824083603641,91.3709991120572,94.6770117698051,93.6559300318272
38.0119047619048,92.3825375819627,91.3711664478195,94.6771378858887,93.6560901608669
38.0178571428571,92.3825818264083,91.3712115076724,94.6771808792468,93.6561375384217
38.0238095238095,92.382538852209,91.3711522364483,94.6771388646637,93.6560703200159
38.0297619047619,92.3824199674033,91.370987373736,94.6770207155262,93.6559123594726
38.0357142857143,92.3822384149818,91.370741849047,94.6768412984579,93.6556691847982
38.0416666666667,92.3819923902763,91.3704188514339,94.6765998701758,93.6553480339783
38.0476190476191,92.3816885072726,91.3700193724002,94.676298225491,93.6549547902565
38.0535714285714,92.3813417196142,91.369566480004,94.6759547143314,93.6544972654349
38.0595238095238,92.3809520273011,91.3690601742452,94.6755693366971,93.6539939685462
38.0654761904762,92.3805163121477,91.3685083556254,94.6751393811013,93.6534448995905
38.0714285714286,92.3800492746437,91.3679191077367,94.674675113499,93.6528470180884
38.0773809523809,92.3795561182795,91.3672922417264,94.6741854491346,93.6522149885726
38.0833333333333,92.3790368430551,91.3666266547559,94.673670388008,93.6515562867449
38.0892857142857,92.3784888786586,91.3659307541262,94.673130222751,93.6508709126054
38.0952380952381,92.3779212605597,91.3652167042252,94.6725725929542,93.650156085238
38.1011904761905,92.3773409928516,91.3644845050528,94.6720004705788,93.6494238923082
38.1071428571429,92.3767480755342,91.3637346507019,94.6714138556249,93.648679913943
38.1130952380952,92.3761425086076,91.3629748642096,94.6708127480926,93.6479241501424
38.1190476190476,92.3755222992372,91.3622073588579,94.670197038955,93.6471566009064
38.125,92.3748954464612,91.3614321346467,94.6695711002766,93.6463759424247
38.1309523809524,92.3742659839049,91.360649191576,94.6689412864082,93.6455936090797
38.1369047619048,92.3736339115685,91.3598582705477,94.6683075973497,93.6448103637615
38.1428571428571,92.3729992294518,91.3590664078387,94.6676700331012,93.6440262064703
38.1488095238095,92.3723619375549,91.3582768533037,94.6670285505398,93.6432411372059
38.1547619047619,92.3717217576674,91.3574896069428,94.6663876696396,93.6424547860359
38.1607142857143,92.3710846655535,91.3567046687559,94.6657487652809,93.6416710516255
38.1666666666667,92.3704515869546,91.3559220230061,94.6651118374635,93.6408924051343
38.1726190476191,92.3698225218707,91.3551443768702,94.6644768861874,93.6401188465622
38.1785714285714,92.3691974703019,91.3543741841333,94.6638440357187,93.6393503964071
38.1845238095238,92.3685764322481,91.3536114447955,94.6632164722778,93.6385891008507
38.1904761904762,92.3679594077093,91.3528561588567,94.6625944592452,93.6378362508213
38.1964285714286,92.3673488732572,91.3521073846673,94.6619787501626,93.6370918463188
38.2023809523809,92.3667459519223,91.3513684804733,94.6613701622701,93.6363558873432
38.2083333333333,92.3661505844483,91.3506400525692,94.6607685608358,93.6356300027936
38.2142857142857,92.3655627708352,91.3499221009549,94.6601736739492,93.6349148129246
38.2202380952381,92.364982511083,91.349215628055,94.6595873784555,93.6342100460487
38.2261904761905,92.3644098051917,91.3485206371696,94.6590099174761,93.6335157021659
38.2321428571429,92.3638447906814,91.347836714197,94.6584415082839,93.6328321667779
38.2380952380952,92.3632909453804,91.3471638591373,94.6578815931485,93.6321611575194
38.2440476190476,92.3627462102968,91.3465047509139,94.6573299762229,93.6315016270821
38.25,92.3622105854307,91.3458591128145,94.6567884810858,93.630853575466
38.2559523809524,92.3616840707819,91.3452247500634,94.6562571077372,93.630217002671
38.2619047619048,92.3611666663506,91.3446016626608,94.6557362484527,93.6295931236792
38.2678571428571,92.3606583721367,91.3439898506066,94.6552258606995,93.6289818354976
38.2738095238095,92.3601588785517,91.3433893139008,94.6547253909841,93.628382592305
38.2797619047619,92.3596677417533,91.3428000525434,94.6542348393065,93.6277953941014
38.2857142857143,92.359187295401,91.3422270072119,94.6537563184881,93.6272214186976
38.2916666666667,92.3587175394947,91.3416662801096,94.6532887849561,93.6266599883695
38.2976190476191,92.3582587886965,91.3411169531831,94.6528308724032,93.6261106199115
38.3035714285714,92.3578110040108,91.3405790264323,94.6523825808294,93.6255733133236
38.3095238095238,92.3573731673127,91.3400524998572,94.6519439102349,93.6250518606425
38.3154761904762,92.3569452786023,91.3395373734578,94.6515148606195,93.6245429379225
38.3214285714286,92.3565265655932,91.3390336472342,94.6510954319833,93.6240452676618
38.3273809523809,92.3561172384021,91.3385470218243,94.6506892208718,93.6235588498602
38.3333333333333,92.3557184973011,91.3380716743077,94.6502926306697,93.623083684518
38.3392857142857,92.35533034229,91.3376073819329,94.6499053934003,93.6226197716349
38.3452380952381,92.354953310603,91.3371541446998,94.6495275090636,93.6221669464143
38.3511904761905,92.354586154844,91.3367119626085,94.6491589776597,93.6217239847774
38.3571428571429,92.354228611234,91.3362808356589,94.6487997991884,93.6212935856577
38.3630952380952,92.3538811309763,91.3358611873319,94.6484498665156,93.6208757490555
38.3690476190476,92.3535460458511,91.3354578248467,94.6481079983799,93.6204709603759
38.375,92.3532197105186,91.3350649550286,94.6477763434797,93.6200784925719
38.3809523809524,92.3529021249789,91.3346825778776,94.6474549018149,93.6196972694828
38.3869047619048,92.352593289232,91.3343106933936,94.647144034092,93.6193272911085
38.3928571428571,92.3522932032777,91.3339493015767,94.6468429028412,93.6189719847104
38.3988095238095,92.3520018671163,91.3335984024269,94.6465509644272,93.6186280284526
38.4047619047619,92.3517209308147,91.3332589807569,94.6462682906038,93.6182941566014
38.4107142857143,92.3514503548052,91.3329342145113,94.6459978130717,93.6179703691567
38.4166666666667,92.3511879899414,91.3326193496115,94.6457355908,93.6176566661186
38.4226190476191,92.350933836223,91.3323143860575,94.6454816237887,93.6173530474871
38.4285714285714,92.3506878936501,91.3320193238493,94.6452359120378,93.6170593415846
38.4345238095238,92.3504501622228,91.331734162987,94.6449984555473,93.6167744962374
38.4404761904762,92.3502206419409,91.3314589034704,94.6447692543172,93.616500784672
38.4464285714286,92.3500012723928,91.3311929023803,94.6445495373686,93.6162382068884
38.4523809523809,92.3497911194703,91.3309362823093,94.6443398335976,93.6159872517779
38.4583333333333,92.3495886290141,91.3306906351739,94.6441377883132,93.6157466970978
38.4642857142857,92.3493938010242,91.330455960974,94.6439434015154,93.6155160530066
38.4702380952381,92.3492066355005,91.3302328854922,94.6437566732042,93.6152961682306
38.4761904761905,92.3490271324431,91.3300198366057,94.6435776033796,93.6150889600707
38.4821428571429,92.3488552918519,91.3298164892219,94.6434061920416,93.6148905634825
38.4880952380952,92.3486932768393,91.3296237699321,94.6432439833522,93.614700978466
38.4940476190476,92.3485394563004,91.3294436175956,94.6430906292999,93.6145202050212
38.5,92.3483927513143,91.3292720676359,94.6429443652254,93.6143482431481
38.5059523809524,92.3482531618809,91.3291091200531,94.6428051911288,93.6141850928467
38.5119047619048,92.3481206880002,91.3289547748471,94.6426731070101,93.6140330857449
38.5178571428571,92.3479953296722,91.328809032018,94.6425481128692,93.6138914043466
38.5238095238095,92.347877086897,91.3286718915657,94.6424302087062,93.6137579429873
38.5297619047619,92.3477683799815,91.3285457788146,94.6423211037819,93.6136327016671
38.5357142857143,92.3476669443169,91.3284299078007,94.6422198350417,93.6135156803858
38.5416666666667,92.3475720960033,91.3283220828962,94.6421251490243,93.6134068791436
38.5476190476191,92.3474838350409,91.3282223041011,94.6420370457298,93.6133062979404
38.5535714285714,92.3474021614296,91.3281305714154,94.6419555251582,93.6132166149732
38.5595238095238,92.3473270751693,91.3280468848391,94.6418805873095,93.6131360684823
38.5654761904762,92.3472585762602,91.3279712443721,94.6418122321836,93.6130632360073
38.5714285714286,92.347199083678,91.3279065129988,94.6417523070799,93.6129981175482
38.5773809523809,92.347146047109,91.3278508605945,94.6416993335465,93.612940713105
38.5833333333333,92.3470991860714,91.3278027588229,94.6416524715224,93.6128910226776
38.5892857142857,92.3470585005651,91.327762207684,94.6416117210076,93.6128490462661
38.5952380952381,92.3470239905902,91.3277292071777,94.6415770820021,93.6128137311617
38.6011904761905,92.3469956561466,91.3277037573041,94.6415485545058,93.6127865667259
38.6071428571429,92.3469735297744,91.3276858580632,94.6415261385188,93.6127679584731
38.6130952380952,92.3469600344093,91.3276784947429,94.6415088226519,93.6127582034371
38.6190476190476,92.3469523025768,91.3276791926172,94.6414977826839,93.6127565656883
38.625,92.3469503342771,91.3276870493746,94.6414932879442,93.6127626003674
38.6309523809524,92.34695412951,91.3277020650151,94.6414955521046,93.6127773976835
38.6369047619048,92.3469636882756,91.3277242395386,94.6415041294777,93.6128015698483
38.6428571428571,92.3469790105738,91.3277535729452,94.6415186322789,93.6128325365825
38.6488095238095,92.3470004091137,91.3277900652348,94.6415388814953,93.612870297886
38.6547619047619,92.3470296361488,91.3278369062964,94.6415641629654,93.612914853759
38.6607142857143,92.3470642455418,91.3278909178449,94.6415955441094,93.6129662042013
38.6666666666667,92.3471042372928,91.3279516661987,94.6416330739255,93.613024349213
38.6726190476191,92.3471496114018,91.3280191513575,94.6416767361208,93.6130887284583
38.6785714285714,92.3472003678687,91.3280933733215,94.6417259713569,93.6131602853664
38.6845238095238,92.3472565066937,91.3281743320907,94.6417806474385,93.6132392326738
38.6904761904762,92.347318543436,91.3282620276649,94.6418398698757,93.6133246969621
38.6964285714286,92.3473875517476,91.3283599331864,94.6419048278253,93.613417530989
38.7023809523809,92.3474616474873,91.3284641862376,94.6419755212873,93.6135178501582
38.7083333333333,92.3475408306549,91.3285747711122,94.642052151898,93.6136251203999
38.7142857142857,92.3476251012507,91.3286916878103,94.6421340757048,93.6137395038639
38.7202380952381,92.3477144592745,91.3288149363317,94.6422212376122,93.6138615258729
38.7261904761905,92.3478089047263,91.3289445166766,94.6423148571656,93.6139898404345
38.7321428571429,92.3479081711865,91.329080797256,94.6424139146206,93.6141244475486
38.7380952380952,92.3480122992102,91.3292263079642,94.6425177048795,93.6142653472152
38.7440476190476,92.3481219692273,91.3293778074443,94.6426262279423,93.6144132804077
38.75,92.3482372852988,91.3295352956964,94.6427394838089,93.6145678028257
38.7559523809524,92.3483577938685,91.3296987727204,94.6428574724794,93.6147283518311
38.7619047619048,92.3484836275002,91.3298682385164,94.642980237233,93.6148949274238
38.7678571428571,92.3486159991507,91.3300436930842,94.6431095876873,93.615067529604
38.7738095238095,92.3487529514223,91.3302249441593,94.6432433942174,93.6152473690377
38.7797619047619,92.3488944843152,91.3304119570027,94.6433816568235,93.6154330647923
38.7857142857143,92.3490405978293,91.3306057182668,94.6435243755056,93.6156245592566
38.7916666666667,92.3491912919646,91.3308063340921,94.6436715502635,93.6158218524306
38.7976190476191,92.3493465667211,91.331013232136,94.6438231810974,93.6160245524279
38.8035714285714,92.3495069945663,91.3312272664541,94.6439795450636,93.6162326874291
38.8095238095238,92.3496724878013,91.3314487849735,94.6441418306941,93.616446990054
38.8154761904762,92.3498425012658,91.3316757501291,94.6443083473522,93.6166666238428
38.8214285714286,92.3500170349597,91.3319081619209,94.6444790950378,93.6168920443303
38.8273809523809,92.350196088883,91.3321460203487,94.644654073751,93.6171235509674
38.8333333333333,92.3503801192555,91.3323893254127,94.6448332834916,93.6173611070701
38.8392857142857,92.3505689945943,91.3326380771129,94.6450167242599,93.6176042784086
38.8452380952381,92.3507621698197,91.3328944666237,94.6452042185486,93.6178549463213
38.8511904761905,92.3509596449318,91.3331567393934,94.645395674571,93.6181110177625
38.8571428571429,92.3511614199305,91.3334241454177,94.6455917431646,93.6183720856168
38.8630952380952,92.3513671936398,91.3336966846967,94.645792479523,93.6186381498842
38.8690476190476,92.3515771038969,91.3339743572304,94.6459975465855,93.6189092105646
38.875,92.3517916027087,91.3342571630186,94.6462074992567,93.619185267658
38.8809523809524,92.3520107379738,91.3345451020616,94.6464224197333,93.6194669828093
38.8869047619048,92.3522341415035,91.3348405227846,94.6466412067268,93.6197553490518
38.8928571428571,92.352462586172,91.3351411745088,94.6468638602372,93.6200484846123
38.8988095238095,92.3526957026008,91.3354467314304,94.6470903802646,93.6203463894909
38.9047619047619,92.3529326857589,91.3357571935495,94.6473207668089,93.6206490636874
38.9107142857143,92.3531735356463,91.3360725608661,94.6475550198701,93.620956507202
38.9166666666667,92.353418252263,91.3363928333801,94.647794392552,93.6212687200345
38.9226190476191,92.353666835609,91.3367180110917,94.6480377904846,93.6215866738546
38.9285714285714,92.3539192856844,91.3370507826562,94.6482848607056,93.6219107073247
38.9345238095238,92.3541771342815,91.3373881838713,94.648535603215,93.6222392602267
38.9404761904762,92.3544387586079,91.3377301932782,94.6487900180128,93.6225723325605
38.9464285714286,92.3547040451087,91.3380768108768,94.649048105099,93.6229099243262
38.9523809523809,92.3549729937839,91.3384280366671,94.6493098644736,93.6232520355237
38.9583333333333,92.3552456046335,91.3387838706493,94.6495767057733,93.623598666153
38.9642857142857,92.3555218776576,91.3391445016848,94.6498471702226,93.6239495167744
38.9702380952381,92.3558017616105,91.3395114052367,94.6501211292528,93.6243050215647
38.9761904761905,92.3560847547688,91.3398828449491,94.6503985828638,93.6246656620584
38.9821428571429,92.3563717815487,91.3402588208222,94.6506795310555,93.6250312230962
38.9880952380952,92.35666284195,91.3406393328559,94.650963973828,93.6254015677772
38.9940476190476,92.3569579398519,91.3410243810503,94.6512519121424,93.6257767313337
39,92.357256913534,91.3414139654053,94.6515434844819,93.6261565079036
39,92.357256913534,91.3414139654053,94.6515434844819,93.6261565079036
39.0059523809524,92.3575029476399,91.3417326672518,94.651783692436,93.6264666277737
39.0119047619048,92.3576476524125,91.3419114770682,94.6519236768273,93.626644079885
39.0178571428571,92.3576995329829,91.3419750076066,94.6519737122683,93.6267015505908
39.0238095238095,92.3576672823797,91.3419219131301,94.6519391934286,93.6266459480526
39.0297619047619,92.3575581022924,91.3417771562687,94.6518369779813,93.6265017636876
39.0357142857143,92.357387132533,91.3415438951378,94.6516672302203,93.6262700689363
39.0416666666667,92.3571538821996,91.3412280824938,94.6514361480453,93.6259599953548
39.0476190476191,92.3568592847671,91.3408501881582,94.6511494422506,93.6255826707402
39.0535714285714,92.3565226207129,91.3404090517092,94.6508144423975,93.6251428515466
39.0595238095238,92.356143890037,91.3399086552532,94.6504370177327,93.6246435129824
39.0654761904762,92.3557202276768,91.3393677441859,94.6500201820394,93.6241017321523
39.0714285714286,92.3552627957048,91.3387863185072,94.6495677959687,93.6235230454644
39.0773809523809,92.3547799400791,91.3381682183246,94.6490795094908,93.6229074529189
39.0833333333333,92.3542716607997,91.337523343074,94.6485714931402,93.6222527568273
39.0892857142857,92.3537362949581,91.3368521225673,94.6480437469168,93.6215768255554
39.0952380952381,92.353178129912,91.3361545568044,94.6474962708206,93.6208811449081
39.1011904761905,92.3526079118636,91.3354254941749,94.6469277523035,93.6201657148854
39.1071428571429,92.3520256408131,91.3346841010442,94.6463411082158,93.6194280863597
39.1130952380952,92.3514313167604,91.3339364402524,94.6457469863299,93.6186801365437
39.1190476190476,92.3508236660236,91.3331825117995,94.6451453866458,93.6179255970802
39.125,92.3502065064165,91.3324223156854,94.6445363091634,93.617164467969
39.1309523809524,92.3495871622804,91.3316558519102,94.6439197538828,93.6163967492102
39.1369047619048,92.3489656336154,91.3308828869213,94.6432944406913,93.6156214285199
39.1428571428571,92.3483419204214,91.3301078868969,94.6426686581389,93.6148463286262
39.1488095238095,92.3477160226985,91.3293345327842,94.6420438324083,93.6140737454009
39.1547619047619,92.3470876805206,91.3285628245833,94.6414199634994,93.6133036788441
39.1607142857143,92.3464605843734,91.327792762294,94.6407970514123,93.6125361289556
39.1666666666667,92.3458366655352,91.3270242850291,94.6401750961469,93.6117710957355
39.1726190476191,92.3452159240061,91.3262623383006,94.6395541167504,93.6110099765942
39.1785714285714,92.344598359786,91.325507224338,94.6389376959101,93.6102566310045
39.1845238095238,92.34398525692,91.3247589431412,94.6383273101488,93.6095112823057
39.1904761904762,92.3433785247399,91.3240180782548,94.6377229594662,93.6087739304979
39.1964285714286,92.3427781727061,91.3232864348908,94.6371246438626,93.608044575581
39.2023809523809,92.3421842008186,91.3225640641815,94.6365323633378,93.6073232175551
39.2083333333333,92.3415977801887,91.3218509661268,94.6359461178919,93.6066098564202
39.2142857142857,92.3410202749743,91.3211491876428,94.6353672348758,93.6059088179522
39.2202380952381,92.3404510377715,91.3204596100068,94.6347974202488,93.6052187171665
39.2261904761905,92.3398900685804,91.3197806026018,94.6342361693781,93.6045392115398
39.2321428571429,92.339337367401,91.3191121654278,94.6336834822637,93.6038703010721
39.2380952380952,92.3387929342332,91.3184542984847,94.6331393589057,93.6032119857635
39.2440476190476,92.3382567690771,91.3178070017726,94.632603799304,93.6025642656138
39.25,92.3377318274278,91.3171702752914,94.6320768034586,93.6019270998978
39.2559523809524,92.3372168889644,91.3165487567926,94.6315574295566,93.6012994435923
39.2619047619048,92.3367112762623,91.3159395539258,94.6310477237646,93.6006848724437
39.2678571428571,92.3362149893214,91.3153417081063,94.6305484851671,93.6000833864521
39.2738095238095,92.3357280281417,91.3147552193342,94.6300597137641,93.5994944717536
39.2797619047619,92.3352503927232,91.3141800876094,94.6295821314525,93.5989168300489
39.2857142857143,92.3347820830659,91.3136163129319,94.62911464297,93.598352456134
39.2916666666667,92.3343267938741,91.3130638953018,94.6286571556777,93.597801350009
39.2976190476191,92.3338813782505,91.3125220367444,94.6282102339504,93.597262715745
39.3035714285714,92.3334454736123,91.3119932883935,94.6277760862796,93.596736087082
39.3095238095238,92.3330190799596,91.3114779224468,94.6273514701735,93.5962225956142
39.3154761904762,92.3326021972923,91.3109751131011,94.626936385632,93.5957223604854
39.3214285714286,92.3321948256105,91.3104834283082,94.6265308326552,93.5952356807264
39.3273809523809,92.3317970353577,91.3100036161459,94.6261348112431,93.5947610531534
39.3333333333333,92.3314126575636,91.3095366944363,94.6257483213957,93.5942984777665
39.3392857142857,92.3310375122881,91.3090826631793,94.6253720102512,93.5938519947954
39.3452380952381,92.3306715995312,91.308642418999,94.6250060743225,93.593417214161
39.3511904761905,92.3303149192927,91.3082140939399,94.6246498704367,93.5929933763805
39.3571428571429,92.3299674715728,91.3077973078318,94.624303398594,93.5925804814539
39.3630952380952,92.3296292563714,91.3073920606746,94.6239672864246,93.5921785293813
39.3690476190476,92.3293000359457,91.3070031081452,94.6236410958671,93.5917875201626
39.375,92.3289788832937,91.3066245833737,94.6233242793055,93.5914086064611
39.3809523809524,92.3286677919097,91.3062564694293,94.6230168367398,93.5910445367657
39.3869047619048,92.3283667617937,91.3058987663121,94.622720967079,93.5906907865681
39.3928571428571,92.3280761738845,91.3055514740221,94.6224348929704,93.5903473558681
39.3988095238095,92.3277953151177,91.3052145925593,94.6221573396408,93.5900142446659
39.4047619047619,92.3275234630166,91.3048874957739,94.6218883070901,93.5896914529613
39.4107142857143,92.3272606175815,91.3045702190777,94.6216277953184,93.5893789807543
39.4166666666667,92.3270076624641,91.3042645036645,94.6213758043256,93.5890785623249
39.4226190476191,92.3267635929097,91.3039703495344,94.6211323341117,93.5887914368244
39.4285714285714,92.3265281517718,91.3036862476687,94.6209005702658,93.5885140060375
39.4345238095238,92.3263013390504,91.3034126371793,94.6206768405439,93.5882462699643
39.4404761904762,92.3260839756633,91.3031502100187,94.6204610577133,93.5879882286048
39.4464285714286,92.3258749653174,91.3028989808932,94.6202532217738,93.5877398819589
39.4523809523809,92.3256741641721,91.3026592501529,94.6200533327256,93.5875012300267
39.4583333333333,92.3254815722274,91.3024295365943,94.6198613905687,93.5872714983383
39.4642857142857,92.3252999412568,91.3022098402174,94.6196777375083,93.5870512361254
39.4702380952381,92.3251258724976,91.3020041153629,94.6195048255515,93.5868416912846
39.4761904761905,92.3249591951865,91.3018073764776,94.6193392545675,93.5866429187281
39.4821428571429,92.3247999093233,91.3016194967659,94.6191810245565,93.5864552491609
39.4880952380952,92.3246480149081,91.301440476228,94.6190301355184,93.5862770954534
39.4940476190476,92.3245035119409,91.3012703148637,94.6188865874533,93.5861084576054
39.5,92.3243672231452,91.3011090126732,94.618750380361,93.585951879952
39.5059523809524,92.324240351133,91.3009581964139,94.6186211871989,93.5858052587259
39.5119047619048,92.3241203604968,91.3008189685379,94.6184984377213,93.5856670821093
39.5178571428571,92.3240072512365,91.3006880294799,94.6183835718457,93.5855373501023
39.5238095238095,92.323901023352,91.30056537924,94.6182765895721,93.5854160627048
39.5297619047619,92.3238016768436,91.3004510178182,94.6181778073529,93.5853032199169
39.5357142857143,92.323709211711,91.3003449452145,94.6180862584522,93.5851988337537
39.5416666666667,92.3236230723541,91.3002471614289,94.6180017852448,93.5851068325179
39.5476190476191,92.3235432951616,91.3001597870179,94.6179253707254,93.5850227081408
39.5535714285714,92.3234709428431,91.3000827299365,94.6178570391678,93.5849464606224
39.5595238095238,92.3234060153988,91.3000134763911,94.6177950637353,93.5848780899626
39.5654761904762,92.3233473494294,91.2999520263817,94.6177394444279,93.5848175961616
39.5714285714286,92.3232957544551,91.2998983799081,94.6176901812456,93.5847649792192
39.5773809523809,92.3232513583425,91.2998525369706,94.6176472741884,93.5847207593307
39.5833333333333,92.323213717018,91.2998144975689,94.6176107232563,93.58468770295
39.5892857142857,92.3231845958813,91.299783440174,94.6175823738583,93.5846620083451
39.5952380952381,92.3231620723811,91.2997603642616,94.617560623656,93.584643675516
39.6011904761905,92.3231455105283,91.299746065037,94.6175447682298,93.5846327044627
39.6071428571429,92.3231349103229,91.2997407519045,94.6175348075794,93.5846290951852
39.6130952380952,92.3231302717649,91.2997441536506,94.617530741705,93.5846328476835
39.6190476190476,92.3231315948542,91.2997553901923,94.6175325706065,93.5846448624143
39.625,92.3231394207529,91.2997744615296,94.6175402942839,93.5846668586858
39.6309523809524,92.3231550553787,91.2998045164649,94.6175559225723,93.5846957750356
39.6369047619048,92.3231762640527,91.2998416034757,94.6175773979566,93.5847316114636
39.6428571428571,92.3232030467748,91.2998856382451,94.6176043787328,93.5847743679699
39.6488095238095,92.3232354035452,91.2999366207733,94.617636864901,93.5848240445545
39.6547619047619,92.3232733343637,91.2999945510601,94.6176748564612,93.5848806412173
39.6607142857143,92.3233168392304,91.3000594291056,94.6177183534134,93.5849453836605
39.6666666666667,92.3233667109359,91.3001307845029,94.6177673557576,93.5850191133558
39.6726190476191,92.3234235031268,91.3002086787982,94.6178239396023,93.5850993466757
39.6785714285714,92.3234855561633,91.3002943410553,94.6178857439416,93.5851860836202
39.6845238095238,92.3235528700454,91.3003878559933,94.6179527107336,93.5852793241891
39.6904761904762,92.323625444773,91.3004892782287,94.6180248399785,93.5853790683826
39.6964285714286,92.3237032803462,91.3005976911128,94.6181021316763,93.5854853162006
39.7023809523809,92.3237863767649,91.3007130946454,94.6181845858268,93.5855995233107
39.7083333333333,92.3238757388759,91.3008342123593,94.618272390564,93.5857217345721
39.7142857142857,92.3239713621661,91.3009624920266,94.6183672648339,93.5858501029077
39.7202380952381,92.3240719314107,91.3010980467929,94.6184669619055,93.5859846283173
39.7261904761905,92.3241774466096,91.3012411816283,94.6185714817787,93.5861253108011
39.7321428571429,92.324287907763,91.3013910705245,94.6186808244537,93.5862721503589
39.7380952380952,92.3244033148708,91.3015475430728,94.6187949899304,93.5864251469909
39.7440476190476,92.324523667933,91.3017122939085,94.6189139782088,93.5865860913082
39.75,92.3246501579078,91.3018841239785,94.6190376370144,93.586754270887
39.7559523809524,92.3247823075565,91.3020618367423,94.6191657492703,93.5869282179238
39.7619047619048,92.3249191218282,91.3022454321997,94.6192991269959,93.5871079324185
39.7678571428571,92.325060600723,91.3024349103508,94.619437853954,93.5872934143712
39.7738095238095,92.325206744241,91.3026302711956,94.6195815521233,93.5874846637819
39.7797619047619,92.3253575523821,91.302831514734,94.6197303526852,93.5876816806504
39.7857142857143,92.3255130251463,91.3030416686587,94.6198853351235,93.5878864104657
39.7916666666667,92.3256745101043,91.3032574245922,94.6200446901535,93.5880976187889
39.7976190476191,92.3258411137412,91.3034787072928,94.6202084177751,93.5883142995623
39.8035714285714,92.3260121294614,91.3037055167607,94.6203765179885,93.5885364527859
39.8095238095238,92.3261875572649,91.3039378529956,94.6205489907935,93.5887640784596
39.8154761904762,92.3263673971517,91.3041757159977,94.6207258361901,93.5889971765834
39.8214285714286,92.3265516491219,91.304419244197,94.6209080270608,93.5892357471574
39.8273809523809,92.3267403131754,91.3046695394087,94.6210952463437,93.5894819480139
39.8333333333333,92.3269348559908,91.3049254687763,94.6212866009415,93.5897339520475
39.8392857142857,92.3271340223697,91.3051870323,94.6214820908545,93.5899911260396
39.8452380952381,92.3273373749515,91.3054542299796,94.6216817160825,93.5902534699904
39.8511904761905,92.3275449137361,91.3057278036459,94.6218854766256,93.5905209838999
39.8571428571429,92.3277566387237,91.3060071445641,94.6220933724837,93.5907936677679
39.8630952380952,92.3279725499141,91.306291865983,94.6223050065517,93.5910715215946
39.8690476190476,92.3281926473073,91.3065819679024,94.6225208938896,93.591354048595
39.875,92.3284178118421,91.3068781602498,94.6227412021147,93.5916422728275
39.8809523809524,92.3286472395759,91.3071814439377,94.6229656730664,93.5919363785807
39.8869047619048,92.3288808189319,91.3074895902231,94.6231945646973,93.5922359637855
39.8928571428571,92.3291185499102,91.3078025991061,94.6234281096537,93.5925417062431
39.8988095238095,92.3293604412343,91.3081204705865,94.6236657777703,93.5928537595289
39.9047619047619,92.329607262442,91.3084432046644,94.6239074898186,93.5931705665446
39.9107142857143,92.3298580485324,91.3087708013398,94.6241535595973,93.5934921272901
39.9166666666667,92.3301127995056,91.3091038612688,94.624404075313,93.5938184417656
39.9226190476191,92.3303715153614,91.3094424008453,94.624658381481,93.594149509971
39.9285714285714,92.3306343138086,91.3097859291453,94.6249164781014,93.5944853319063
39.9345238095238,92.3309017832048,91.3101344461689,94.6251783651741,93.5948277528822
39.9404761904762,92.3311730791348,91.3104881975385,94.6254442583694,93.595175144384
39.9464285714286,92.3314482015988,91.3108474464194,94.6257151025023,93.5955270174626
39.9523809523809,92.3317271505967,91.3112114955405,94.62598947858,93.595883372118
39.9583333333333,92.3320101876774,91.311580344902,94.6262673866026,93.5962442083502
39.9642857142857,92.3322974604932,91.3119540417167,94.6265488265702,93.5966095261592
39.9702380952381,92.3325884054365,91.3123341579494,94.6268337984826,93.5969793255449
39.9761904761905,92.3328830225071,91.312718708035,94.62712230234,93.5973547160803
39.9821428571429,92.3331813117051,91.3131076919738,94.627414469481,93.5977346501677
39.9880952380952,92.3334830884041,91.3135011097655,94.6277104472685,93.5981190476051
39.9940476190476,92.3337885805262,91.3138989614102,94.6280100298737,93.5985079083925
40,92.3340980000611,91.3143012469079,94.6283132172967,93.5989012325299
40,92.3340980000611,91.3143012469079,94.6283132172967,93.5989012325299
40.0059523809524,92.3343551225326,91.3146319232251,94.6285652177956,93.5992249491548
40.0119047619048,92.3345063536647,91.3148268055586,94.6287180982696,93.5994188853624
40.0178571428571,92.3345725376772,91.31489595203,94.6287782845981,93.5994918774963
40.0238095238095,92.334554976316,91.314862268718,94.6287609621896,93.599452774727
40.0297619047619,92.3344627469288,91.314727420829,94.6286666536915,93.599311742459
40.0357142857143,92.3342992599699,91.3145060304873,94.6285067362474,93.599091894191
40.0416666666667,92.3340719875894,91.3142063656662,94.6282881320296,93.5987964725341
40.0476190476191,92.333789645683,91.3138325210547,94.6280150110511,93.5984241555101
40.0535714285714,92.3334642786831,91.3133995909948,94.6276903031599,93.5979982307812
40.0595238095238,92.3330958865895,91.3129184735999,94.6273201226116,93.5975203368149
40.0654761904762,92.3326814231935,91.3123891688699,94.6269091447284,93.5969873591421
40.0714285714286,92.3322353662487,91.3118208233611,94.6264702199155,93.5964169441498
40.0773809523809,92.331763229273,91.311219756691,94.6260033481727,93.5958144562911
40.0833333333333,92.3312650122666,91.3105859248235,94.6255085295001,93.5951798955662
40.0892857142857,92.330742110144,91.3099179882283,94.6249831889644,93.5945186715886
40.0952380952381,92.330202930861,91.309222807436,94.624442607839,93.5938383352789
40.1011904761905,92.3296487685101,91.3085141494119,94.6238881296107,93.5931389197395
40.1071428571429,92.3290796230912,91.3077920141562,94.6233197542794,93.5924204249703
40.1130952380952,92.3284954946045,91.3070564016688,94.6227374818451,93.5916836277141
40.1190476190476,92.3278964691324,91.3063055557302,94.6221395255138,93.5909383464788
40.125,92.3272906794399,91.3055505547121,94.621537910463,93.590187250566
40.1309523809524,92.3266809549572,91.304793308522,94.6209328667151,93.5894303399758
40.1369047619048,92.3260672956842,91.30403381716,94.6203243942699,93.5886676147081
40.1428571428571,92.325449701621,91.3032720806262,94.6197124931275,93.5878993333531
40.1488095238095,92.3248280319473,91.3025076077599,94.619096696891,93.5871331057596
40.1547619047619,92.324207453748,91.3017457918404,94.6184792601822,93.5863702627414
40.1607142857143,92.3235895501326,91.3009891902419,94.61786538984,93.5856108042982
40.1666666666667,92.3229743211012,91.3002378029644,94.6172550858644,93.5848547304303
40.1726190476191,92.3223617666538,91.299491630008,94.6166483482555,93.5841015261515
40.1785714285714,92.3217525452892,91.2987506713726,94.6160451770132,93.583355193267
40.1845238095238,92.3211495437312,91.298014579089,94.6154455721375,93.5826168326298
40.1904761904762,92.320553088504,91.2972843133117,94.6148499940707,93.5818864442399
40.1964285714286,92.3199631796074,91.2965632440265,94.6142613989394,93.5811646122339
40.2023809523809,92.3193798170414,91.2958513712333,94.6136801779888,93.5804527182143
40.2083333333333,92.3188030008061,91.2951497243805,94.613106331219,93.5797506734512
40.2142857142857,92.3182327309014,91.2944584432424,94.6125398586299,93.5790584779446
40.2202380952381,92.3176717836096,91.2937774854146,94.6119807602216,93.5783753568108
40.2261904761905,92.317119809503,91.2931098712684,94.6114290359941,93.5777034040884
40.2321428571429,92.3165765758719,91.2924544790205,94.6108861725472,93.5770433454842
40.2380952380952,92.3160420827165,91.2918099602546,94.6103536231634,93.5763952929398
40.2440476190476,92.3155163300367,91.2911763149705,94.6098301241247,93.575759181091
40.25,92.3149993178324,91.2905535431685,94.6093156754309,93.5751388579948
40.2559523809524,92.3144910473032,91.2899416448483,94.6088102770821,93.5745300681166
40.2619047619048,92.3139933978217,91.2893408255875,94.6083139290783,93.5739328114562
40.2678571428571,92.3135055631821,91.2887566130676,94.6078266314195,93.5733470880137
40.2738095238095,92.3130275433842,91.2881837869179,94.6073478142338,93.5727728977891
40.2797619047619,92.3125593384282,91.2876223471384,94.6068788777402,93.5722102407824
40.2857142857143,92.312099916544,91.2870722937289,94.6064206925869,93.571658219019
40.2916666666667,92.3116506289637,91.2865336266896,94.6059730157607,93.5711179694546
40.2976190476191,92.3112120929954,91.2860063460205,94.6055364219663,93.5705910354137
40.3035714285714,92.3107841690368,91.285491438166,94.6051122595255,93.5700774168962
40.3095238095238,92.310366389309,91.2849928807669,94.6046976771642,93.5695753067311
40.3154761904762,92.3099573490199,91.2845055790462,94.6042926748826,93.5690857449724
40.3214285714286,92.3095585985075,91.284029533004,94.6038972526806,93.5686093352997
40.3273809523809,92.3091705008552,91.2835647426403,94.6035114105582,93.5681461094337
40.3333333333333,92.3087932158307,91.283111207955,94.6031351485154,93.5676965293745
40.3392857142857,92.3084269686984,91.2826689289482,94.6027710905528,93.5672589037191
40.3452380952381,92.3080704398657,91.2822395139136,94.6024175258464,93.5668332324674
40.3511904761905,92.3077236293326,91.2818253756072,94.6020731506654,93.5664179163128
40.3571428571429,92.3073871889772,91.2814220126504,94.6017379650098,93.5660147586808
40.3630952380952,92.3070608659022,91.2810294250431,94.6014119688796,93.5656241504145
40.3690476190476,92.3067438433082,91.2806476127853,94.6010951622749,93.5652464227612
40.375,92.3064361211952,91.280276575877,94.6007875451956,93.564881235399
40.3809523809524,92.3061386351219,91.2799163143182,94.6004921301201,93.5645272824467
40.3869047619048,92.3058526506087,91.2795689797555,94.6002061317503,93.5641845639044
40.3928571428571,92.3055751500163,91.2792355503915,94.5999287886946,93.563856455376
40.3988095238095,92.3053061333446,91.2789122845238,94.5996601009529,93.563539727363
40.4047619047619,92.3050456005938,91.2785991821524,94.5994000685252,93.5632330602644
40.4107142857143,92.3047935517638,91.2782962432773,94.5991486914116,93.5629364540803
40.4166666666667,92.3045499868546,91.2780034678985,94.598905969612,93.5626499088108
40.4226190476191,92.3043169094207,91.277720856016,94.5986750990462,93.5623734244558
40.4285714285714,92.3040935389802,91.2774509935518,94.5984525987563,93.5621073866945
40.4345238095238,92.3038780905613,91.2771935679158,94.5982381527611,93.561855707287
40.4404761904762,92.3036705641641,91.2769456893373,94.5980317610605,93.5616134473987
40.4464285714286,92.3034709597886,91.2767073578163,94.5978334236544,93.5613806070297
40.4523809523809,92.3032792774347,91.2764785733528,94.597643140543,93.56115718618
40.4583333333333,92.3030955171025,91.2762593359467,94.5974610016343,93.5609431848495
40.4642857142857,92.3029219074657,91.2760496455981,94.5972899466417,93.5607386030382
40.4702380952381,92.3027569036634,91.2758525249837,94.5971263736439,93.560544420676
40.4761904761905,92.302599300534,91.2756663607561,94.596970282641,93.5603631060258
40.4821428571429,92.3024490980775,91.2754891337653,94.5968216736331,93.5601905893057
40.4880952380952,92.3023062962938,91.2753208440115,94.5966805466201,93.5600268705157
40.4940476190476,92.302170895183,91.2751614914946,94.596546901602,93.5598719496559
40.5,92.3020428947451,91.2750110762146,94.5964211703691,93.5597258267263
40.5059523809524,92.3019247041465,91.2748695981715,94.5963053813087,93.5595885017267
40.5119047619048,92.301814141821,91.2747359871559,94.5961964961474,93.5594613956395
40.5178571428571,92.3017104621752,91.2746117850791,94.5960945148852,93.5593458327445
40.5238095238095,92.3016136652092,91.2744975406854,94.5959994375221,93.5592384745711
40.5297619047619,92.301523750923,91.2743935321869,94.595911264058,93.5591393211191
40.5357142857143,92.3014407193164,91.2742993418724,94.5958299944931,93.5590483723887
40.5416666666667,92.3013645703897,91.2742139836879,94.5957563340401,93.5589656283798
40.5476190476191,92.3012946110413,91.2741374576332,94.5956914686167,93.5588910890925
40.5535714285714,92.3012319697561,91.2740730522999,94.5956330091165,93.5588265439755
40.5595238095238,92.3011767760638,91.2740168497188,94.5955809555395,93.5587722623848
40.5654761904762,92.301128575418,91.2739684732329,94.5955353078856,93.5587256663491
40.5714285714286,92.3010896512497,91.2739279228423,94.595496066155,93.5586867558682
40.5773809523809,92.3010569486701,91.273895198547,94.5954632303475,93.5586555309422
40.5833333333333,92.3010304288157,91.2738703003469,94.5954377240232,93.558631991571
40.5892857142857,92.3010100916867,91.2738528240256,94.5954200223397,93.5586161377547
40.5952380952381,92.300995937283,91.2738425601094,94.5954082823756,93.5586071923692
40.6011904761905,92.3009879656046,91.2738410048977,94.595402504131,93.5586059181116
40.6071428571429,92.3009872943015,91.2738481583906,94.595402687606,93.558613194475
40.6130952380952,92.3009939795595,91.273864452806,94.5954088328004,93.558629224066
40.6190476190476,92.3010064439797,91.2738885587356,94.5954209397144,93.5586536641008
40.625,92.301024687562,91.273920436435,94.5954396677187,93.558685764439
40.6309523809524,92.3010487103064,91.2739622331302,94.5954649897343,93.5587258372299
40.6369047619048,92.3010785122131,91.2740122249573,94.5954960883664,93.5587761716786
40.6428571428571,92.3011140932819,91.2740691438071,94.5955329636152,93.5588333041174
40.6488095238095,92.3011568679697,91.2741329896794,94.5955756154804,93.5588972345464
40.6547619047619,92.3012062067961,91.2742037625743,94.595624464563,93.5589679629656
40.6607142857143,92.3012609431106,91.2742814624919,94.595679669433,93.5590454893749
40.6666666666667,92.3013210769133,91.2743661134895,94.5957403200663,93.5591298137743
40.6726190476191,92.301386608204,91.2744612029494,94.5958064164629,93.5592225152516
40.6785714285714,92.3014575369829,91.2745627853,94.595877958623,93.5593236093399
40.6845238095238,92.3015338632499,91.2746708605412,94.5959554079669,93.5594310524683
40.6904761904762,92.3016170792069,91.274785428673,94.596039618277,93.5595448446368
40.6964285714286,92.3017061704923,91.2749064896954,94.5961288454657,93.5596649858452
40.7023809523809,92.3018003642927,91.2750340436085,94.5962230895329,93.5597914760937
40.7083333333333,92.3018996606082,91.2751685471222,94.5963223504787,93.5599243153823
40.7142857142857,92.3020040594388,91.275312429182,94.5964266283031,93.5600653986676
40.7202380952381,92.3021135607844,91.2754624635733,94.596535923006,93.5602139433144
40.7261904761905,92.3022281646451,91.2756186502961,94.5966498858445,93.5603684882331
40.7321428571429,92.3023495754883,91.2757809893504,94.5967687500122,93.5605290334239
40.7380952380952,92.3024762787972,91.2759494807362,94.5968930402157,93.5606955788867
40.7440476190476,92.3026077646106,91.2761241244535,94.5970219433534,93.5608681246215
40.75,92.3027440329284,91.2763056978513,94.5971560630888,93.5610466706283
40.7559523809524,92.3028850837507,91.2764957249337,94.5972955425797,93.5612307220401
40.7619047619048,92.3030309170774,91.276691591494,94.5974401750556,93.5614211633525
40.7678571428571,92.3031815329085,91.2768932975322,94.5975897189501,93.5616184094852
40.7738095238095,92.3033387867213,91.2771008430483,94.5977451152581,93.5618222135064
40.7797619047619,92.3035007980524,91.2773142280423,94.5979051519671,93.5620322046636
40.7857142857143,92.3036673259678,91.2775334525142,94.5980697300955,93.5622505142323
40.7916666666667,92.3038383704674,91.2777582343509,94.5982388496436,93.5624745785093
40.7976190476191,92.3040139315512,91.2779888127692,94.5984125106112,93.5627041223135
40.8035714285714,92.3041940092193,91.2782259660289,94.598591511591,93.5629391456448
40.8095238095238,92.3043786037948,91.2784697884033,94.5987757617084,93.5631796485032
40.8154761904762,92.3045696878611,91.2787196746562,94.5989642290188,93.5634256308888
40.8214285714286,92.3047650489454,91.2789764139092,94.5991569135222,93.5636779167388
40.8273809523809,92.3049646870479,91.2792395302062,94.5993538152185,93.5639372880878
40.8333333333333,92.3051686021683,91.2795082006317,94.5995549341079,93.5642018505383
40.8392857142857,92.3053767943068,91.2797824251856,94.5997602701902,93.5644716040902
40.8452380952381,92.3055892634634,91.280062203868,94.5999709478604,93.5647465487434
40.8511904761905,92.3058062326704,91.2803482660908,94.6001862350759,93.5650266844981
40.8571428571429,92.3060291379828,91.2806401756758,94.60040552549,93.5653120113541
40.8630952380952,92.3062560942007,91.2809374112662,94.6006288191028,93.5656030375395
40.8690476190476,92.306487101324,91.2812399728618,94.6008561159141,93.5658999062341
40.875,92.3067221593526,91.2815478604627,94.601087415924,93.5662019838153
40.8809523809524,92.3069612682866,91.2818634807197,94.6013227191325,93.5665092702832
40.8869047619048,92.307204428126,91.2821839904385,94.6015632865939,93.5668218720502
40.8928571428571,92.3074520444636,91.2825093660099,94.6018080364915,93.567140428134
40.8988095238095,92.3077050236684,91.2828396074337,94.6020565889388,93.5674639740768
40.9047619047619,92.3079618676411,91.28317471471,94.6023089439356,93.5677925098786
40.9107142857143,92.3082225763818,91.2835146878389,94.6025651014819,93.5681260355395
40.9166666666667,92.3084871498905,91.2838602143906,94.6028250615779,93.5684663123806
40.9226190476191,92.308755588167,91.2842124334558,94.6030888242234,93.5688116719803
40.9285714285714,92.3090278912116,91.2845692845412,94.6033578109318,93.5691615516814
40.9345238095238,92.3093046185599,91.2849307676467,94.6036305895475,93.5695159514842
40.9404761904762,92.309586214147,91.2852968827725,94.6039069735033,93.5698748713885
40.9464285714286,92.3098714954759,91.2856676299184,94.6041869627993,93.5702383113943
40.9523809523809,92.3101604625463,91.2860430090845,94.6044705574354,93.5706064188899
40.9583333333333,92.3104531153584,91.2864241114492,94.6047577574116,93.5709812771319
40.9642857142857,92.3107494539122,91.2868114506196,94.605048562728,93.5713604281551
40.9702380952381,92.3110494782075,91.2872031511893,94.6053423281761,93.5717438719597
40.9761904761905,92.3113534813092,91.2875992131584,94.6056400589271,93.5721316085456
40.9821428571429,92.3116615423746,91.287999636527,94.6059417553094,93.5725236379128
40.9880952380952,92.3119732960851,91.2884044212949,94.6062474410099,93.5729199600612
40.9940476190476,92.3122887424406,91.2888135674623,94.6065569987694,93.5733205920157
41,92.3126078814413,91.289227075029,94.6068702069457,93.5737258170108
41,92.3126078814413,91.289227075029,94.6068702069457,93.5737258170108
41.0059523809524,92.3128746222844,91.2895695841549,94.6071322533391,93.5740619058487
41.0119047619048,92.3130354981152,91.2897721456678,94.607290562929,93.5742639530894
41.0178571428571,92.3131113594908,91.2898593899525,94.6073657176623,93.5743459819166
41.0238095238095,92.3131031189835,91.2898340241955,94.6073558399442,93.5743153615382
41.0297619047619,92.3130182298515,91.289710248402,94.6072697814309,93.5741952044498
41.0357142857143,92.3128591639542,91.2894957871832,94.6071224240818,93.5739892874601
41.0416666666667,92.3126457944842,91.2892031885121,94.6069130148701,93.5736987400279
41.0476190476191,92.3123808076674,91.2888488655816,94.6066433808399,93.5733475269641
41.0535714285714,92.3120620426274,91.2884328183917,94.6063318609732,93.5729356482686
41.0595238095238,92.3116973540871,91.2879546314614,94.60597845527,93.5724616156648
41.0654761904762,92.3112994689219,91.2874364752093,94.6055804407435,93.5719474913031
41.0714285714286,92.3108683871317,91.2868784056882,94.6051480956839,93.5713940409879
41.0773809523809,92.3104057162226,91.2862773504876,94.6046903445037,93.5707986216152
41.0833333333333,92.3099206695394,91.2856476622403,94.604207187203,93.5701716259959
41.0892857142857,92.3094143159394,91.2849957182715,94.603697402853,93.5695228375992
41.0952380952381,92.3088866554227,91.2843215185814,94.6031631749318,93.5688522564252
41.1011904761905,92.3083376879893,91.2836226674164,94.6026169278151,93.5681582707082
41.1071428571429,92.307770199507,91.2829090476501,94.6020586615028,93.5674457188892
41.1130952380952,92.3071927844191,91.2821868600369,94.601488375995,93.5667251041861
41.1190476190476,92.3066058809967,91.2814561045767,94.6009055220365,93.5659964265988
41.125,92.3060094143766,91.2807167812695,94.6003106523222,93.5652596861274
41.1309523809524,92.3054070910599,91.2799676662937,94.5997136814144,93.5645137915913
41.1369047619048,92.3048022322111,91.279217685459,94.5991146093132,93.5637633710652
41.1428571428571,92.3041948378302,91.2784688291806,94.5985134360185,93.5630145893222
41.1488095238095,92.3035849079171,91.2777210974586,94.5979101615302,93.5622674463623
41.1547619047619,92.3029729724492,91.276974490293,94.5973045040772,93.5615219421854
41.1607142857143,92.3023638984113,91.2762289718441,94.5966983184292,93.5607780767916
41.1666666666667,92.3017581517699,91.2754870817821,94.596096478437,93.5600362436975
41.1726190476191,92.301155732525,91.274752359665,94.5954989841007,93.559300825696
41.1785714285714,92.3005566406766,91.2740248054928,94.5949058354203,93.5585729148373
41.1845238095238,92.2999626983153,91.2733044192654,94.5943170323957,93.5578525111215
41.1904761904762,92.299375609546,91.2725912009829,94.5937325750269,93.5571396145485
41.1964285714286,92.2987953656795,91.2718851506453,94.5931529045472,93.5564342251184
41.2023809523809,92.2982219667155,91.2711870905991,94.5925808292166,93.5557363428311
41.2083333333333,92.2976554126542,91.2705006155117,94.5920164877801,93.5550451283275
41.2142857142857,92.2970957034956,91.2698243668697,94.5914598802378,93.554364095009
41.2202380952381,92.2965433360017,91.2691583446732,94.5909110065897,93.5536942589753
41.2261904761905,92.2960010893735,91.2685025489221,94.5903698668358,93.5530356202263
41.2321428571429,92.2954677209811,91.2678569796165,94.5898364609761,93.5523890320137
41.2380952380952,92.2949432308245,91.2672216367563,94.5893120595307,93.5517544129701
41.2440476190476,92.2944276189037,91.2665984229165,94.5887982919142,93.5511312928398
41.25,92.2939208852187,91.2659895036082,94.588293741118,93.5505196716227
41.2559523809524,92.2934230297695,91.2653918578947,94.5877984071421,93.5499222411273
41.2619047619048,92.2929352203907,91.2648054857759,94.5873122899866,93.5493383730263
41.2678571428571,92.2924592731412,91.2642303872518,94.5868353896515,93.5487659804533
41.2738095238095,92.2919928339543,91.2636665623226,94.5863677061366,93.5482050634083
41.2797619047619,92.2915359028301,91.263114010988,94.5859083623574,93.5476556218912
41.2857142857143,92.2910884797685,91.2625755622515,94.5854585536063,93.547117655902
41.2916666666667,92.2906505647696,91.2620516167675,94.5850194794701,93.5465911654408
41.2976190476191,92.2902221578334,91.261539030796,94.5845911399489,93.5460746770851
41.3035714285714,92.2898024962421,91.261037804337,94.5841741432442,93.5455710179293
41.3095238095238,92.2893921951124,91.2605479373905,94.5837674237681,93.545080538851
41.3154761904762,92.2889926516282,91.2600694299566,94.5833707158001,93.544603373274
41.3214285714286,92.2886038657897,91.2596022820352,94.582983971145,93.5441401475043
41.3273809523809,92.2882263996583,91.2591499271106,94.5826056729653,93.54368887723
41.3333333333333,92.2878592593855,91.2587111544506,94.5822379894377,93.5432495624512
41.3392857142857,92.2875019259095,91.2582834165975,94.5818809205621,93.5428238017719
41.3452380952381,92.2871543992304,91.2578667135514,94.5815335557552,93.5424128738782
41.3511904761905,92.2868195549283,91.2574610453122,94.5811955928769,93.542012818818
41.3571428571429,92.2864943954624,91.25706641188,94.5808680230358,93.5416236365913
41.3630952380952,92.286178228191,91.2566828132547,94.5805508462319,93.5412453271983
41.3690476190476,92.2858710531141,91.256314237295,94.5802443505914,93.5408778906387
41.375,92.2855728702316,91.2559580281214,94.5799474039092,93.5405213269128
41.3809523809524,92.2852836795437,91.2556122552286,94.5796599311448,93.5401789529262
41.3869047619048,92.2850032304458,91.2552769186167,94.5793846066699,93.5398489189695
41.3928571428571,92.2847307103088,91.2549520182857,94.5791183874685,93.5395291582518
41.3988095238095,92.284467974795,91.2546375542356,94.5788607223846,93.539219670773
41.4047619047619,92.2842150239043,91.2543335264664,94.578611611418,93.5389204565333
41.4107142857143,92.2839722466515,91.254044145579,94.5783710545689,93.5386315155326
41.4166666666667,92.2837387356849,91.2537657750645,94.5781390518372,93.5383528477709
41.4226190476191,92.283513968351,91.2534972632225,94.5779163964561,93.5380832241448
41.4285714285714,92.2832979446499,91.2532386100529,94.5777047054255,93.5378244417675
41.4345238095238,92.2830891399763,91.2529898155558,94.5775009663931,93.5375770406149
41.4404761904762,92.2828893880963,91.2527508797311,94.5773051793589,93.537341316178
41.4464285714286,92.2826987027946,91.2525218375301,94.5771173443228,93.5371168462288
41.4523809523809,92.2825174105105,91.2523074869648,94.5769374612848,93.5369024900705
41.4583333333333,92.2823447847482,91.2521023837161,94.576765530245,93.5366982477032
41.4642857142857,92.2821802543945,91.251906527784,94.5766026948033,93.5365075342984
41.4702380952381,92.282023809521,91.2517199191685,94.5764495951541,93.5363265129978
41.4761904761905,92.2818739501163,91.2515425578696,94.5763038769812,93.5361544583599
41.4821428571429,92.2817324444194,91.2513744438873,94.5761655402846,93.5359913703848
41.4880952380952,92.2815992924303,91.251216183657,94.5760345850643,93.5358372490725
41.4940476190476,92.28147479269,91.2510711090684,94.5759110113203,93.5356920944229
41.5,92.2813582874389,91.2509346665852,94.5757948190526,93.535556734852
41.5059523809524,92.2812492678187,91.2508068562074,94.5756874212917,93.5354336551695
41.5119047619048,92.2811477406964,91.2506876779349,94.5755887095287,93.5353189318097
41.5178571428571,92.2810563313376,91.2505771317678,94.575496821164,93.5352125647726
41.5238095238095,92.2809716215117,91.250475217706,94.5754117561978,93.5351145540584
41.5297619047619,92.2808936112187,91.2503829904616,94.57533351463,93.5350248996668
41.5357142857143,92.2808223004586,91.2503025810762,94.5752620964606,93.534943601598
41.5416666666667,92.2807576892314,91.2502302523625,94.5751975016896,93.5348719524408
41.5476190476191,92.2806997775371,91.2501660043205,94.5751413072485,93.5348112235088
41.5535714285714,92.2806495570763,91.2501098369501,94.5750927901685,93.5347583228166
41.5595238095238,92.2806076365895,91.2500617502514,94.5750506208234,93.5347132503643
41.5654761904762,92.2805719753268,91.2500217442244,94.5750147992132,93.5346760061518
41.5714285714286,92.2805425732882,91.2499912785884,94.574985325338,93.5346465901792
41.5773809523809,92.2805194304736,91.2499714161201,94.5749621991977,93.5346250024463
41.5833333333333,92.280502546883,91.249959122231,94.5749454207924,93.5346128807288
41.5892857142857,92.2804919225166,91.2499543969209,94.5749367105037,93.5346105318116
41.5952380952381,92.2804888486317,91.2499572401898,94.5749348044767,93.5346155159589
41.6011904761905,92.2804931868022,91.2499676520378,94.5749388035769,93.5346278331706
41.6071428571429,92.2805033705399,91.2499856324649,94.5749487078043,93.5346474834468
41.6130952380952,92.2805193998447,91.2500129814041,94.5749645171589,93.5346744667874
41.6190476190476,92.2805412747167,91.2500497984038,94.5749862316407,93.5347087831925
41.625,92.2805689951559,91.2500937298645,94.5750138512498,93.5347523986884
41.6309523809524,92.2806025611622,91.2501447757863,94.575049217038,93.534804753612
41.6369047619048,92.2806428400312,91.2502029361692,94.5750906444119,93.5348639753182
41.6428571428571,92.2806894897063,91.2502682110132,94.5751375793089,93.5349300638067
41.6488095238095,92.2807418621876,91.2503406003183,94.575190021729,93.5350030190777
41.6547619047619,92.2807999574751,91.2504221736365,94.5752479716722,93.5350828411312
41.6607142857143,92.2808637755689,91.2505121997138,94.5753114291385,93.5351695299671
41.6666666666667,92.2809329132561,91.2506089370232,94.5753803941279,93.5352652385446
41.6726190476191,92.2810072846794,91.2507123855649,94.5754568703005,93.5353687330449
41.6785714285714,92.2810876750187,91.2508225453387,94.5755387443901,93.5354787083403
41.6845238095238,92.2811741993078,91.2509394163447,94.5756257582031,93.5355951644311
41.6904761904762,92.2812666151455,91.2510629985829,94.5757179117395,93.535718101317
41.6964285714286,92.2813645207543,91.2511956585544,94.5758152049993,93.5358475189982
41.7023809523809,92.2814685593567,91.2513358930684,94.5759176379824,93.5359834174747
41.7083333333333,92.2815791916836,91.2514824332445,94.5760252182863,93.536125228125
41.7142857142857,92.281694766411,91.2516352790828,94.5761400709785,93.5362739678628
41.7202380952381,92.2818152835389,91.2517944305831,94.5762597402181,93.5364300114958
41.7261904761905,92.2819407430675,91.2519598877457,94.5763842260051,93.5365931136385
41.7321428571429,92.2820711449966,91.2521316505703,94.5765135283395,93.5367628334407
41.7380952380952,92.2822064893263,91.2523122279232,94.5766476472214,93.5369382464454
41.7440476190476,92.2823481777328,91.2524995667036,94.5767865826507,93.5371202633658
41.75,92.2824952598369,91.2526928911545,94.5769305621581,93.5373091370504
41.7559523809524,92.2826470173773,91.2528922012761,94.5770810538229,93.5375050104948
41.7619047619048,92.2828034503542,91.2530974970683,94.5772360976262,93.5377071270432
41.7678571428571,92.2829645587674,91.253308778531,94.5773956935681,93.537915867684
41.7738095238095,92.283130342617,91.2535260456643,94.5775598416486,93.5381316261492
41.7797619047619,92.283300801903,91.2537520011358,94.5777285418676,93.5383531722008
41.7857142857143,92.2834774403739,91.2539839843334,94.5779017942252,93.5385805058386
41.7916666666667,92.2836589263471,91.2542216186445,94.5780800158436,93.5388136270628
41.7976190476191,92.2838448637145,91.2544649040692,94.5782641583602,93.539053545563
41.8035714285714,92.284035252476,91.2547138406074,94.5784525982212,93.5393006124873
41.8095238095238,92.2842300926316,91.2549684282592,94.5786453354266,93.5395529776582
41.8154761904762,92.2844293841813,91.2552286670245,94.5788423699762,93.5398106410756
41.8214285714286,92.284633127125,91.2554974655425,94.5790437018702,93.5400736027396
41.8273809523809,92.2848431012739,91.2557716239619,94.5792493311086,93.5403418626502
41.8333333333333,92.2850574415435,91.2560511224346,94.5794598583309,93.5406154208073
41.8392857142857,92.2852759638466,91.2563359609606,94.579675778116,93.5408959665224
41.8452380952381,92.2854986681834,91.2566261395399,94.5798957578018,93.5411826254871
41.8511904761905,92.2857255545537,91.2569216581726,94.5801197973881,93.5414743068074
41.8571428571429,92.2859566229577,91.2572228213088,94.580347896875,93.5417710104834
41.8630952380952,92.2861918954622,91.2575318037194,94.5805800562625,93.5420727365152
41.8690476190476,92.2864323384449,91.2578458394581,94.5808162755507,93.5423794849027
41.875,92.2866769536563,91.2581649285249,94.5810572985021,93.5426912556458
41.8809523809524,92.2869257410964,91.2584890709199,94.581303214041,93.5430099425543
41.8869047619048,92.2871787007653,91.2588182666429,94.5815529856018,93.5433341153565
41.8928571428571,92.2874359291263,91.2591525156941,94.5818066131848,93.5436630688204
41.8988095238095,92.2876979841103,91.2594920562097,94.5820640967897,93.543996802946
41.9047619047619,92.2879640308466,91.259837597936,94.5823254364166,93.5443353177335
41.9107142857143,92.2882340693354,91.2601882812087,94.5825906320656,93.5446786131827
41.9166666666667,92.2885080995765,91.2605441060277,94.5828593697289,93.5450266892937
41.9226190476191,92.2887864573598,91.260905072393,94.5831319711744,93.5453815251055
41.9285714285714,92.2890699295044,91.2612704330446,94.5834088161866,93.5457412971259
41.9345238095238,92.2893570938312,91.2616411653553,94.5836898352145,93.5461056354395
41.9404761904762,92.28964795034,91.262017439496,94.5839747838821,93.5464745400463
41.9464285714286,92.289942499031,91.262398963528,94.5842629877119,93.5468480109462
41.9523809523809,92.290240739904,91.2627854982574,94.5845550935488,93.5472260481393
41.9583333333333,92.2905426729592,91.2631778822351,94.5848512696336,93.5476086516256
41.9642857142857,92.2908489399373,91.2635750182993,94.5851515159663,93.5479953529373
41.9702380952381,92.2911595855371,91.2639768852508,94.5854550058459,93.5483871195851
41.9761904761905,92.2914737866153,91.2643834830898,94.5857623595215,93.5487840384262
41.9821428571429,92.2917915431719,91.2647951999077,94.586073663765,93.5491857366627
41.9880952380952,92.2921128552067,91.2652117378101,94.5863889185765,93.5495923515251
41.9940476190476,92.2924377227199,91.2656328610715,94.5867080908337,93.5500036708983
42,92.2927661457115,91.2660585696921,94.587030917284,93.5504195739802
42,92.2927661457115,91.2660585696921,94.587030917284,93.5504195739802
42.0059523809524,92.2930420795626,91.2664132975051,94.5873022959887,93.550765938591
42.0119047619048,92.2932142977598,91.2666300405504,94.5874737852195,93.5509778814909
42.0178571428571,92.2932983264027,91.2667254902935,94.5875518878995,93.5510702903566
42.0238095238095,92.2932947187874,91.2667094446708,94.5875546694461,93.5510536822881
42.0297619047619,92.2932201005785,91.2666010746677,94.5874805108353,93.5509461787355
42.0357142857143,92.2930777374614,91.2663978070849,94.5873359214412,93.5507449679446
42.0416666666667,92.2928753979837,91.2661215742934,94.5871372558185,93.5504710098142
42.0476190476191,92.2926145892836,91.2657788049066,94.5868845139674,93.5501317065648
42.0535714285714,92.2923055818263,91.2653667459248,94.586575187905,93.5497239837609
42.0595238095238,92.2919460332379,91.264905839697,94.5862280575804,93.549265976502
42.0654761904762,92.291554557783,91.2644006946098,94.5858452831317,93.5487646669323
42.0714285714286,92.2911319851973,91.2638488521087,94.5854268645588,93.548220408892
42.0773809523809,92.2906783154808,91.2632598225366,94.5849704518854,93.5476435723782
42.0833333333333,92.29019082998,91.2626450043804,94.5844934422572,93.5470380823304
42.0892857142857,92.2896847360786,91.2620043976402,94.5839962348363,93.5464039387489
42.0952380952381,92.2891622133482,91.2613355200915,94.5834788296225,93.5457404759867
42.1011904761905,92.2886232617889,91.2606478062832,94.582942719126,93.5450516183185
42.1071428571429,92.2880669585782,91.2599488628575,94.5823946832629,93.5443520291612
42.1130952380952,92.2874948746478,91.2592386898145,94.5818351978471,93.543641708515
42.1190476190476,92.2869175326128,91.2585172871541,94.5812642628787,93.5429206563798
42.125,92.2863349324732,91.2577832109763,94.5806818295984,93.5421890530009
42.1309523809524,92.285747074229,91.2570471608234,94.5800934325679,93.5414541855626
42.1369047619048,92.2851539578801,91.2563104372553,94.5795018408433,93.5407178237751
42.1428571428571,92.2845545258657,91.255573040272,94.5789070544246,93.5399799676384
42.1488095238095,92.2839552137071,91.2548349698735,94.5783087737242,93.5392406171525
42.1547619047619,92.2833582700613,91.2540959139786,94.5777101807068,93.5384997522066
42.1607142857143,92.2827636949282,91.2533593915728,94.5771140803458,93.5377601746962
42.1666666666667,92.282171488308,91.2526275530055,94.5765204726413,93.537026427942
42.1726190476191,92.2815816502006,91.2519003982769,94.5759293575933,93.536298511944
42.1785714285714,92.2809941874574,91.2511776324097,94.5753412032856,93.5355764267023
42.1845238095238,92.2804115745874,91.2504624059893,94.574759003074,93.5348609417951
42.1904761904762,92.2798357042851,91.2497550747942,94.5741832173574,93.5341550425209
42.1964285714286,92.2792665765504,91.2490566112772,94.5736138461358,93.5334584157532
42.2023809523809,92.2787041913834,91.2483674751624,94.5730508894092,93.5327710614921
42.2083333333333,92.278148548784,91.2476884514323,94.5724943471775,93.5320929797374
42.2142857142857,92.2775996487523,91.2470219349284,94.5719442194408,93.5314241704894
42.2202380952381,92.2770581311886,91.2463658814786,94.5714032728949,93.5307646337478
42.2261904761905,92.2765266036555,91.2457202910828,94.5708712371904,93.5301173307596
42.2321428571429,92.2760038492974,91.2450851637412,94.5703478589323,93.5294826771862
42.2380952380952,92.2754898681143,91.2444604994537,94.5698331381207,93.5288591402941
42.2440476190476,92.274984660106,91.2438462982203,94.5693270747555,93.5282467200833
42.25,92.2744882252728,91.2432459880624,94.5688296688368,93.5276454165537
42.2559523809524,92.2740005636145,91.2426588331899,94.5683409203644,93.5270552297055
42.2619047619048,92.2735222191412,91.2420829868255,94.5678646073061,93.5264761595385
42.2678571428571,92.2730543423894,91.2415184489692,94.5673978353474,93.5259123121794
42.2738095238095,92.2725962761326,91.240965219621,94.5669405777436,93.5253615438255
42.2797619047619,92.2721480203707,91.2404232987809,94.5664928344948,93.5248223816817
42.2857142857143,92.271709736663,91.2398926864489,94.5660546056008,93.5242948257482
42.2916666666667,92.2712825289307,91.2393779181687,94.5656258910618,93.5237788760249
42.2976190476191,92.2708651735872,91.2388759156455,94.5652070918159,93.5232745325118
42.3035714285714,92.2704576706328,91.2383852555654,94.5648013019013,93.5227817952089
42.3095238095238,92.2700600200672,91.2379059379286,94.5644050680306,93.5223054815326
42.3154761904762,92.2696753810015,91.2374379627351,94.5640183902038,93.521841527022
42.3214285714286,92.2693005335256,91.2369813299849,94.5636412684208,93.5213889712572
42.3273809523809,92.2689349972238,91.2365360396779,94.5632737026817,93.5209478142382
42.3333333333333,92.2685787720961,91.236107162946,94.5629156929864,93.520518055965
42.3392857142857,92.2682318581425,91.2356900403492,94.5625680858811,93.5200996964377
42.3452380952381,92.267894255363,91.2352839093737,94.5622329284337,93.5196927356563
42.3511904761905,92.267566612747,91.2348887700194,94.5619069504798,93.5193023769833
42.3571428571429,92.2672513913141,91.2345046222862,94.5615901520194,93.5189232113062
42.3630952380952,92.266945075262,91.2341314661743,94.5612825330526,93.5185549160243
42.3690476190476,92.2666476645907,91.2337693016836,94.5609840935793,93.5181974911377
42.375,92.2663591593004,91.2334236378823,94.5606948335995,93.5178509366464
42.3809523809524,92.266079559391,91.233088453395,94.5604159729946,93.5175152525504
42.3869047619048,92.2658088648625,91.2327636622234,94.5601485101914,93.5171907270245
42.3928571428571,92.2655481567787,91.2324492643676,94.5598896863253,93.516882035275
42.3988095238095,92.2652987509909,91.2321452598275,94.5596395013964,93.5165835303545
42.4047619047619,92.2650577149468,91.2318516486032,94.5593979554048,93.5162952122631
42.4107142857143,92.2648250486462,91.2315682377231,94.5591650483503,93.5160170810006
42.4166666666667,92.2646007520893,91.2312939566654,94.5589407802331,93.5157491365672
42.4226190476191,92.264384825276,91.2310312366789,94.5587266923252,93.5154913789627
42.4285714285714,92.2641772682064,91.2307800777638,94.5585228220397,93.5152446360977
42.4345238095238,92.2639794772372,91.2305409775204,94.5583269761535,93.5150120801353
42.4404761904762,92.2637918351901,91.2303130568621,94.5581391546666,93.5147890384646
42.4464285714286,92.2636119963419,91.2300953559164,94.557959357579,93.5145755110856
42.4523809523809,92.2634399606925,91.2298878746836,94.5577875848906,93.514371497998
42.4583333333333,92.2632757282419,91.2296941436839,94.5576238366015,93.5141769992022
42.4642857142857,92.2631192989901,91.2295103685493,94.5574698919452,93.5139920146979
42.4702380952381,92.2629706729371,91.2293356647684,94.5573250087403,93.5138178343916
42.4761904761905,92.2628314826457,91.229170032341,94.5571875572449,93.5136563241031
42.4821428571429,92.2627013275302,91.2290134712673,94.5570575374589,93.5135036828151
42.4880952380952,92.2625784294744,91.2288659815472,94.5569349493824,93.5133599105275
42.4940476190476,92.2624627884785,91.2287282908809,94.5568197930152,93.5132250072404
42.5,92.2623544045424,91.2286033972648,94.5567120683575,93.5130989729538
42.5059523809524,92.262253277666,91.228486988774,94.5566137849809,93.5129818076676
42.5119047619048,92.2621594078495,91.2283790654082,94.5565235307918,93.512875146848
42.5178571428571,92.2620746235339,91.2282796271676,94.5564401336708,93.5127796851943
42.5238095238095,92.2619978533583,91.2281886740521,94.5563635936179,93.5126925170065
42.5297619047619,92.2619278303808,91.2281062060617,94.5562939106331,93.5126136422847
42.5357142857143,92.2618645546015,91.2280334700805,94.5562310847164,93.5125430610288
42.5416666666667,92.2618080260201,91.2279721815034,94.5561751158678,93.5124807732389
42.5476190476191,92.2617582446369,91.2279188527317,94.5561281025068,93.5124267789149
42.5535714285714,92.2617152104518,91.2278734837655,94.5560881852757,93.5123831274586
42.5595238095238,92.261680931433,91.2278360746046,94.5560546389414,93.5123494856352
42.5654761904762,92.2616537640667,91.2278066252492,94.5560274635039,93.5123235464741
42.5714285714286,92.2616328690558,91.2277851356992,94.5560066589632,93.5123053099752
42.5773809523809,92.2616182464006,91.227773215272,94.5559922253193,93.5122947761387
42.5833333333333,92.2616098961009,91.2277715269784,94.5559841625723,93.5122919449645
42.5892857142857,92.2616078181568,91.2277773365623,94.5559847149655,93.5122968164525
42.5952380952381,92.2616120125683,91.2277906440236,94.5559915459201,93.5123118010405
42.6011904761905,92.2616247202079,91.2278114493624,94.5560042838466,93.5123357004821
42.6071428571429,92.2616437505102,91.2278397525786,94.556022928745,93.5123667843773
42.6130952380952,92.2616686108993,91.2278755536723,94.5560474806155,93.5124050527264
42.6190476190476,92.2616993013752,91.2279208894266,94.5560779394578,93.5124505055291
42.625,92.2617358219379,91.2279754511846,94.5561143052722,93.5125031427856
42.6309523809524,92.2617781725875,91.2280370221438,94.5561588534059,93.5125629644958
42.6369047619048,92.261826353324,91.228105602304,94.5562089765714,93.5126326039356
42.6428571428571,92.2618826617492,91.2281811916653,94.5562646199148,93.5127101509336
42.6488095238095,92.2619446045217,91.2282637902277,94.5563257834361,93.5127944496193
42.6547619047619,92.2620120216878,91.2283533979912,94.5563924671351,93.5128854999927
42.6607142857143,92.2620849132474,91.228449225158,94.556464671012,93.5129833020537
42.6666666666667,92.2621632792004,91.2285522649697,94.5565422816593,93.5130878558024
42.6726190476191,92.2622471195469,91.2286632201287,94.556624427215,93.5131991612388
42.6785714285714,92.2623365573271,91.22878233215,94.5567125005923,93.5133199640534
42.6845238095238,92.2624336756479,91.2289091499552,94.556806501791,93.5134477987576
42.6904761904762,92.2625359202033,91.2290430527995,94.5569066678195,93.5135820055795
42.6964285714286,92.2626432909933,91.2291837656495,94.5570123214127,93.513722584519
42.7023809523809,92.2627557880179,91.2293305807017,94.5571233553565,93.5138695355761
42.7083333333333,92.262873411277,91.2294848203019,94.5572408271687,93.5140228587509
42.7142857142857,92.2629961607708,91.2296465272931,94.5573641900279,93.5141825540433
42.7202380952381,92.2631243830644,91.2298158572675,94.557492402674,93.5143515109498
42.7261904761905,92.2632594297359,91.2299918825159,94.557625465107,93.5145267238451
42.7321428571429,92.2633993355689,91.2301746030381,94.5577633773268,93.5147079431245
42.7380952380952,92.2635441005637,91.2303666558708,94.5579061393336,93.5148951687878
42.7440476190476,92.2636937247201,91.2305648128468,94.5580537511272,93.5150884008352
42.75,92.2638482080382,91.2307689077462,94.5582079441679,93.5152876392665
42.7559523809524,92.2640075505178,91.2309789405692,94.5583669276066,93.5154929974572
42.7619047619048,92.2641720659926,91.2311949113157,94.5585304811639,93.5157072353082
42.7678571428571,92.2643422572513,91.2314168199857,94.5586986048398,93.5159271248204
42.7738095238095,92.2645172311002,91.2316456220323,94.5588712986344,93.5161526659937
42.7797619047619,92.2646969875392,91.2318822950019,94.5590485625476,93.5163838588282
42.7857142857143,92.2648815265683,91.2321245955864,94.5592304334956,93.5166207033238
42.7916666666667,92.2650709638682,91.232372523786,94.5594186669395,93.5168631994806
42.7976190476191,92.2652660327491,91.2326260796005,94.5596112164843,93.5171117509404
42.8035714285714,92.2654656128803,91.2328852630301,94.5598080821303,93.5173682561992
42.8095238095238,92.2656697042616,91.2331500740746,94.5600092638772,93.5176301246912
42.8154761904762,92.2658783068932,91.2334217512553,94.5602147617251,93.5178973564167
42.8214285714286,92.2660914207751,91.2337004641582,94.560424575674,93.5181699513754
42.8273809523809,92.2663106578861,91.2339845421815,94.5606388356696,93.5184479095675
42.8333333333333,92.2665341911084,91.2342739853252,94.5608582520039,93.5187312309929
42.8392857142857,92.2667619105877,91.2345687935893,94.5610819375121,93.5190206190644
42.8452380952381,92.2669938163239,91.2348689669738,94.5613098921941,93.5193172945187
42.8511904761905,92.2672299083171,91.2351745054788,94.56154211605,93.519619014445
42.8571428571429,92.2674701865672,91.2354860918655,94.5617785320856,93.5199257788435
42.8630952380952,92.2677149593164,91.2358036337505,94.5620185005693,93.5202375877141
42.8690476190476,92.2679653067622,91.236126575847,94.5622629318535,93.5205544410568
42.875,92.268219636159,91.2364549181552,94.5625118879032,93.5208763388716
42.8809523809524,92.268477947507,91.236788472564,94.5627652541207,93.5212030251846
42.8869047619048,92.2687402408061,91.237126859084,94.5630227634457,93.5215347276046
42.8928571428571,92.2690065160563,91.2374709801933,94.5632851265446,93.521872130488
42.8988095238095,92.2692767732577,91.23782095987,94.5635520891683,93.522215155326
42.9047619047619,92.269551513925,91.2381763633877,94.5638228155766,93.5225634260855
42.9107142857143,92.2698313525175,91.2385373113099,94.5640973057697,93.5229187561414
42.9166666666667,92.2701149806788,91.2389053503285,94.5643755597475,93.5232789680813
42.9226190476191,92.2704023984091,91.239278067156,94.56465757751,93.5236438238047
42.9285714285714,92.2706936057084,91.2396554617924,94.5649433590572,93.5240133233115
42.9345238095238,92.2709886025766,91.2400375342377,94.5652342333402,93.5243874666018
42.9404761904762,92.2712873890137,91.2404242844919,94.5655288792274,93.5247662536756
42.9464285714286,92.2715903101721,91.240815712555,94.5658270968252,93.5251504731933
42.9523809523809,92.2718975378731,91.2412130793614,94.5661288861337,93.5255408108805
42.9583333333333,92.2722085505164,91.2416161335759,94.5664342471529,93.5259355100299
42.9642857142857,92.2725233481021,91.2420236337977,94.5667431798827,93.5263345706414
42.9702380952381,92.27284193063,91.2424355800266,94.5670556878038,93.5267379927151
42.9761904761905,92.2731639097111,91.2428519722627,94.5673725351652,93.5271457762509
42.9821428571429,92.2734894769966,91.243272810506,94.5676929238311,93.5275579212488
42.9880952380952,92.2738190175669,91.2436980947565,94.5680168538018,93.5279745864306
42.9940476190476,92.2741525403395,91.2441279756183,94.568344325077,93.5283959926552
43,92.2744898216663,91.2445626648819,94.568675337657,93.5288220191894
43,92.2744898216663,91.2445626648819,94.568675337657,93.5288220191894
43.0059523809524,92.2747733547498,91.2449265079043,94.5689551108981,93.5291785183963
43.0119047619048,92.2749564845708,91.2451503023712,94.5691311002564,93.5294016845409
43.0178571428571,92.2750504935303,91.2452586637519,94.5692239033515,93.5295034546854
43.0238095238095,92.2750581240167,91.2452502538414,94.5692316313344,93.5295018578146
43.0297619047619,92.2749887837128,91.245150099142,94.5691630894663,93.5294007776937
43.0357142857143,92.2748523396267,91.244961302958,94.5690332891168,93.5292147642065
43.0416666666667,92.2746493482313,91.2446898781803,94.5688416090078,93.5289504167749
43.0476190476191,92.2743960139328,91.2443563346883,94.5685892902939,93.5286109830911
43.0535714285714,92.2740979484425,91.2439609658704,94.5682951790517,93.528217765955
43.0595238095238,92.2737551517602,91.2435140166739,94.5679592752809,93.5277740421293
43.0654761904762,92.27336522645,91.24301940789,94.5675788890098,93.5272772218963
43.0714285714286,92.2729476961299,91.2424767138704,94.56716368097,93.5267381153723
43.0773809523809,92.2725030118717,91.2418987787113,94.5667232493498,93.5261682957129
43.0833333333333,92.2720311736752,91.2412907150895,94.5662575941491,93.5255677629182
43.0892857142857,92.2715292782444,91.2406491264522,94.5657660195218,93.524933599282
43.0952380952381,92.2710109230547,91.239990377016,94.5652487705376,93.5242784825474
43.1011904761905,92.2704792496782,91.2393162991423,94.5647196692188,93.523608418754
43.1071428571429,92.269934258115,91.238626892831,94.5641787155653,93.5229234079017
43.1130952380952,92.2693759483651,91.2379204932675,94.5636259095771,93.5222229863446
43.1190476190476,92.2688025213515,91.2372032864787,94.5630612512543,93.5215076194794
43.125,92.2682248457999,91.2364826080254,94.5624860273602,93.5207891226578
43.1309523809524,92.2676440488167,91.2357584579077,94.5619078971492,93.5200674958799
43.1369047619048,92.2670601304022,91.2350308361254,94.5613268747621,93.5193427391456
43.1428571428571,92.2664730905561,91.234299305464,94.560742960199,93.5186148524549
43.1488095238095,92.2658826189656,91.2335666472698,94.5601561534598,93.5178837423092
43.1547619047619,92.2652902500248,91.2328384160715,94.559566396117,93.5171564538033
43.1607142857143,92.2647016637995,91.2321146118691,94.5589758748147,93.5164338640359
43.1666666666667,92.2641168602899,91.2313952346626,94.5583890333456,93.5157159730072
43.1726190476191,92.2635358394959,91.230680284452,94.5578058717094,93.515002780717
43.1785714285714,92.2629586014175,91.2299697912244,94.5572263899064,93.5142942871653
43.1845238095238,92.2623851460547,91.2292671453073,94.5566507132014,93.5135919569654
43.1904761904762,92.261815980679,91.2285733690408,94.5560812319665,93.5128989078975
43.1964285714286,92.2612541097675,91.2278884624248,94.555518808978,93.5122148800642
43.2023809523809,92.2606995782859,91.2272124254593,94.554963444236,93.5115398734658
43.2083333333333,92.2601523862343,91.2265452581442,94.5544151377405,93.5108738881021
43.2142857142857,92.2596125336126,91.2258869604797,94.5538738894915,93.510216923973
43.2202380952381,92.2590800204208,91.2252371221333,94.5533396994889,93.5095689810788
43.2261904761905,92.258554846659,91.2245961797972,94.5528138134079,93.5089332642579
43.2321428571429,92.2580379104583,91.2239672205091,94.5522978641935,93.5083097640161
43.2380952380952,92.25753099038,91.2233502442689,94.5517909051798,93.5076973465013
43.2440476190476,92.2570333843493,91.2227451282063,94.5512929363669,93.5070960117137
43.25,92.2565450923661,91.2221499677299,94.5508039577549,93.5065057596533
43.2559523809524,92.2560661144304,91.2215675787059,94.5503239693435,93.50592659032
43.2619047619048,92.2555964505424,91.2209979611343,94.549852971133,93.5053585037139
43.2678571428571,92.2551361007019,91.2204411150151,94.5493900177479,93.5048001638566
43.2738095238095,92.2546866960593,91.2198979964405,94.5489366701142,93.5042544687701
43.2797619047619,92.2542483686837,91.2193670348325,94.5484939669561,93.5037219567268
43.2857142857143,92.253819696356,91.2188481048475,94.5480619082736,93.5032026277268
43.2916666666667,92.2534006790763,91.2183430155536,94.5476411355317,93.5026975656688
43.2976190476191,92.2529913168444,91.2178529151078,94.54723061934,93.5022047699032
43.3035714285714,92.2525916096605,91.2173740660408,94.546830142182,93.501724152586
43.3095238095238,92.2522015575245,91.2169064683524,94.5464398033368,93.501255565752
43.3154761904762,92.2518201164061,91.2164501220426,94.5460627691243,93.5007981556147
43.3214285714286,92.2514485351654,91.2160050271115,94.5456951830191,93.5003537843606
43.3273809523809,92.2510876102078,91.215571183559,94.5453370450211,93.4999225064153
43.3333333333333,92.2507373415335,91.2151525564965,94.5449883551303,93.4995034661412
43.3392857142857,92.2503983867025,91.2147467681394,94.5446491133468,93.4991008989001
43.3452380952381,92.2500691938533,91.21435182066,94.5443193196706,93.4987096636452
43.3511904761905,92.2497496501834,91.2139677140583,94.5440003240338,93.4983293796029
43.3571428571429,92.2494404225602,91.2135944483343,94.5436930232606,93.4979600467734
43.3630952380952,92.2491433172818,91.213232023488,94.5433947205563,93.4976016651565
43.3690476190476,92.2488550968536,91.2128804395195,94.5431054159209,93.4972542347523
43.375,92.2485757612756,91.2125440401379,94.5428251093546,93.4969170159719
43.3809523809524,92.2483053105477,91.2122191758026,94.5425538008571,93.4965902526085
43.3869047619048,92.24804374467,91.21190468194,94.5422914904287,93.4962755853036
43.3928571428571,92.2477910636425,91.2116005585501,94.5420399420228,93.4959730140571
43.3988095238095,92.2475491620025,91.2113068056329,94.54179897588,93.4956832217871
43.4047619047619,92.2473174858071,91.2110234231884,94.5415664432659,93.4954045739402
43.4107142857143,92.247094063803,91.2107504112166,94.5413423441806,93.4951366948682
43.4166666666667,92.2468788959902,91.2104863325038,94.5411266786239,93.4948803042397
43.4226190476191,92.2466719823686,91.2102337318493,94.540919446596,93.4946380171775
43.4285714285714,92.2464733229383,91.2099926872326,94.5407206480968,93.494405354325
43.4345238095238,92.2462829176992,91.2097636281495,94.5405293962898,93.4941823156821
43.4404761904762,92.2461030710817,91.2095458192925,94.5403464624358,93.4939689012488
43.4464285714286,92.2459323756391,91.2093382261143,94.540172624601,93.4937651110251
43.4523809523809,92.2457693903591,91.2091408486149,94.5400077045548,93.493570945011
43.4583333333333,92.2456141152418,91.2089572983258,94.5398505469865,93.4933886909454
43.4642857142857,92.245466550287,91.2087835665788,94.5397021413861,93.4932180210708
43.4702380952381,92.2453266954949,91.2086188986668,94.5395624378331,93.4930563264513
43.4761904761905,92.2451945508653,91.2084632945896,94.5394309007042,93.4929036070868
43.4821428571429,92.2450709283016,91.2083167543474,94.5393060810476,93.4927598629775
43.4880952380952,92.2449553093933,91.2081792779399,94.5391895513985,93.4926250941233
43.4940476190476,92.2448474111488,91.2080505250146,94.5390813670884,93.4924993005241
43.5,92.2447472335679,91.207929898437,94.5389817993986,93.4923851619099
43.5059523809524,92.2446553737611,91.2078193035797,94.5388900499898,93.49228127554
43.5119047619048,92.2445711046431,91.2077187404426,94.5388057886707,93.4921857956255
43.5178571428571,92.2444941152454,91.2076287253901,94.5387297626831,93.4920987221662
43.5238095238095,92.2444244055681,91.2075480304014,94.5386627077218,93.4920200551622
43.5297619047619,92.2443636529945,91.207476250211,94.538602343464,93.4919497946135
43.5357142857143,92.24431040124,91.2074141898749,94.5385486699097,93.4918879405201
43.5416666666667,92.2442637285145,91.2073637503133,94.5385016870588,93.4918375078098
43.5476190476191,92.2442236348178,91.2073212252473,94.5384613949114,93.4917961816717
43.5535714285714,92.2441901201501,91.207286614677,94.5384277934675,93.4917626997645
43.5595238095238,92.2441631845113,91.2072599186024,94.5384025030856,93.4917370620881
43.5654761904762,92.2441428279015,91.2072411370233,94.538384492878,93.4917192686426
43.5714285714286,92.2441278414417,91.20723026994,94.5383726953584,93.4917093194279
43.5773809523809,92.2441199213763,91.2072294956602,94.538367110527,93.4917072144441
43.5833333333333,92.2441191010628,91.2072381833526,94.5383677383837,93.4917123011294
43.5892857142857,92.2441256140057,91.2072543217142,94.5383745789286,93.4917258754141
43.5952380952381,92.2441387979009,91.207277910745,94.5383876321616,93.4917481311357
43.6011904761905,92.2441583692932,91.2073089504451,94.5384087845679,93.4917782686398
43.6071428571429,92.2441849234015,91.2073474408143,94.5384363823612,93.4918153812041
43.6130952380952,92.2442192696415,91.2073933818528,94.5384697398356,93.4918608895966
43.6190476190476,92.2442594239653,91.2074493751188,94.5385088569912,93.4919148068256
43.625,92.244305386373,91.2075138062898,94.5385537338279,93.4919774139817
43.6309523809524,92.2443571568647,91.2075852456717,94.5386043703457,93.4920475595987
43.6369047619048,92.2444147354403,91.2076636932644,94.5386607665447,93.4921252436766
43.6428571428571,92.2444781220998,91.2077491490681,94.5387249340423,93.4922130818462
43.6488095238095,92.2445480605583,91.2078416130827,94.5387948377284,93.49230809553
43.6547619047619,92.2446240834279,91.2079410853082,94.5388701245612,93.4924097996438
43.6607142857143,92.2447056410236,91.2080504558458,94.5389507945406,93.4925181941875
43.6666666666667,92.2447927333453,91.2081673540898,94.5390368476667,93.4926332791611
43.6726190476191,92.2448853603931,91.2082908594961,94.5391282839393,93.4927550545646
43.6785714285714,92.2449839999349,91.2084209720646,94.5392251033586,93.492884263795
43.6845238095238,92.2450894681734,91.2085576917954,94.5393294722974,93.4930224845167
43.6904761904762,92.2452000615857,91.2087010186885,94.5394389424403,93.4931670145242
43.6964285714286,92.2453157801719,91.2088509527439,94.5395534445711,93.4933178538177
43.7023809523809,92.245436623932,91.2090104994419,94.5396729786896,93.493475002397
43.7083333333333,92.245562592866,91.2091767644862,94.5397975447959,93.4936384602622
43.7142857142857,92.2456936869738,91.2093492984088,94.5399271428901,93.4938082274134
43.7202380952381,92.2458305035196,91.2095281012098,94.5400619487419,93.4939854290851
43.7261904761905,92.245973016714,91.2097131728891,94.5402036308521,93.4941707615055
43.7321428571429,92.2461204444743,91.2099045134466,94.5403500558839,93.4943620332903
43.7380952380952,92.2462727868004,91.2101021228826,94.5405012238371,93.4945592444393
43.7440476190476,92.2464302201147,91.210309246074,94.5406571347118,93.4947623949527
43.75,92.24659347558,91.2105223335156,94.540817788508,93.4949714848303
43.7559523809524,92.2467615085866,91.2107413270269,94.5409831852256,93.4951865140722
43.7619047619048,92.2469343191347,91.2109662266078,94.5411537150643,93.4954088312826
43.7678571428571,92.2471119072241,91.2111970322583,94.5413304840488,93.4956384423269
43.7738095238095,92.2472937043717,91.2114337439784,94.5415117200711,93.4958736870112
43.7797619047619,92.247480530198,91.2116766681753,94.5416974231312,93.4961145653357
43.7857142857143,92.2476725710426,91.2119284542676,94.5418875932291,93.4963610773003
43.7916666666667,92.2478696584556,91.2121857918606,94.5420822303647,93.496613222905
43.7976190476191,92.2480715100568,91.2124486809543,94.5422813345381,93.4968710021497
43.8035714285714,92.2482793515123,91.2127171215488,94.5424854617521,93.4971361507982
43.8095238095238,92.2484920070815,91.212991113644,94.542695217201,93.4974079463918
43.8154761904762,92.2487089651262,91.2132706572399,94.5429092049585,93.4976850079182
43.8214285714286,92.2489302256463,91.2135563585493,94.5431274250243,93.4979673353775
43.8273809523809,92.2491557886418,91.2138499218361,94.5433498773986,93.4982549287696
43.8333333333333,92.2493856541128,91.2141487899538,94.5435765620813,93.4985477880945
43.8392857142857,92.249620074944,91.2144529629024,94.5438074790725,93.4988459133522
43.8452380952381,92.2498603254138,91.2147624406818,94.544043375128,93.4991488688605
43.8511904761905,92.2501046577763,91.2150772232921,94.5442844209452,93.4994574555526
43.8571428571429,92.2503530720314,91.2153973107333,94.5445294570908,93.4997720563233
43.8630952380952,92.2506055681793,91.2157224681258,94.5447784835646,93.5000924069661
43.8690476190476,92.2508621462198,91.216052835381,94.5450315003669,93.5004181895029
43.875,92.251122806153,91.2163891781926,94.5452885074974,93.5007487973841
43.8809523809524,92.2513880411868,91.2167315704462,94.5455495049563,93.5010850906469
43.8869047619048,92.2516586353237,91.2170794685134,94.5458153558868,93.5014271491441
43.8928571428571,92.2519331019537,91.2174343857721,94.5460858545748,93.5017745177282
43.8988095238095,92.2522114410767,91.217795105008,94.5463601559837,93.5021283380584
43.9047619047619,92.2524936526929,91.2181606614076,94.5466382601134,93.5024878674537
43.9107142857143,92.2527797368022,91.218531054971,94.546920166964,93.5028520779734
43.9166666666667,92.2530696934045,91.2189062856981,94.5472058765355,93.5032209696177
43.9226190476191,92.2533641796794,91.2192863535889,94.5474953888277,93.5035945423865
43.9285714285714,92.2536635582614,91.2196714210605,94.5477896942699,93.5039727962798
43.9345238095238,92.2539666337566,91.2200635734096,94.5480882284169,93.5043557312975
43.9404761904762,92.254273406165,91.2204603265911,94.5483903738228,93.5047456140493
43.9464285714286,92.2545838754866,91.2208616806051,94.5486961304878,93.5051399233074
43.9523809523809,92.2548980417214,91.2212676354514,94.5490054984117,93.5055386552792
43.9583333333333,92.2552159048694,91.2216781911301,94.5493184775946,93.5059418099647
43.9642857142857,92.255537885522,91.2220933476412,94.5496350680365,93.5063493873639
43.9702380952381,92.2558640264622,91.2225133771799,94.5499560859317,93.5067613874767
43.9761904761905,92.2561938601528,91.2229391093808,94.5502809425468,93.5071779182605
43.9821428571429,92.2565273865938,91.2233694009292,94.5506093392623,93.5075996332283
43.9880952380952,92.2568646057853,91.2238042518253,94.5509412760783,93.5080258442625
43.9940476190476,92.2572055870328,91.2242436620689,94.5512767529948,93.508456551363
44,92.2575503421093,91.2246876316602,94.5516157700118,93.5088917545299
44,92.2575503421093,91.2246876316602,94.5516157700118,93.5088917545299
44.0059523809524,92.257842684914,91.2250606255139,94.5519036173071,93.5092573049959
44.0119047619048,92.2580290853216,91.2252971541859,94.5520875080095,93.5094881068014
44.0178571428571,92.2581303786998,91.2254089588151,94.5521867399437,93.5096001842066
44.0238095238095,92.2581443264209,91.2254166979922,94.5522057013835,93.5096020477036
44.0297619047619,92.2580822682874,91.2253189192973,94.5521428835247,93.5095134247012
44.0357142857143,92.257957420642,91.225140343549,94.5520193421823,93.5093314758726
44.0416666666667,92.2577679401698,91.2248843832318,94.5518371818451,93.5090761439872
44.0476190476191,92.2575206585909,91.2245514691349,94.5516000636659,93.5087556805202
44.0535714285714,92.2572303551322,91.2241651888845,94.5513153658314,93.5083739047697
44.0595238095238,92.2568970297936,91.2237255424804,94.5509829598158,93.507941646723
44.0654761904762,92.2565240531663,91.2232301674501,94.5506123268559,93.5074591121258
44.0714285714286,92.25611895044,91.2226994252609,94.5502065071873,93.5069284422206
44.0773809523809,92.2556817502866,91.2221355072725,94.5497705827212,93.5063648521784
44.0833333333333,92.2552159224497,91.2215370690265,94.5493034915388,93.5057676964703
44.0892857142857,92.2547285460504,91.220907879291,94.5488147525175,93.5051398142648
44.0952380952381,92.2542197790004,91.2202616838817,94.5483108834107,93.5044952233833
44.1011904761905,92.253690015971,91.2195984827987,94.5477918842181,93.5038339238259
44.1071428571429,92.2531483632593,91.2189182760418,94.5472577549399,93.5031559155926
44.1130952380952,92.2525956295016,91.2182193513021,94.5467065567014,93.5024625202189
44.1190476190476,92.2520300125231,91.217514833275,94.5461450676277,93.5017618909109
44.125,92.2514562204346,91.2168055953126,94.5455793267518,93.5010551503987
44.1309523809524,92.2508803232545,91.2160916374151,94.5450093340737,93.5003422986822
44.1369047619048,92.2503023209831,91.2153729595825,94.5444350895933,93.4996233357614
44.1428571428571,92.2497222136201,91.214650499469,94.5438565933106,93.4988980445637
44.1488095238095,92.2491400011657,91.2139293668962,94.543273004277,93.4981736184565
44.1547619047619,92.2485554033517,91.2132099811041,94.5426914381396,93.4974527833748
44.1607142857143,92.2479719689771,91.2124923420927,94.5421129495638,93.4967355393186
44.1666666666667,92.247391793239,91.2117778433424,94.5415375385497,93.496021886288
44.1726190476191,92.2468148761375,91.211069675613,94.5409652050973,93.4953113364439
44.1785714285714,92.2462412176726,91.2103679086474,94.5403959492065,93.494606178076
44.1845238095238,92.2456720774201,91.2096725898204,94.5398297362468,93.4939091634666
44.1904761904762,92.2451093290735,91.208986710543,94.53926667271,93.4932202926157
44.1964285714286,92.2445529856938,91.2083101303246,94.5387105610418,93.4925396979584
44.2023809523809,92.2440030472812,91.2076428491653,94.5381614012422,93.491869040804
44.2083333333333,92.2434607531171,91.206984867065,94.5376191933113,93.4912083782378
44.2142857142857,92.2429275279406,91.2063361840237,94.5370849167818,93.4905577102597
44.2202380952381,92.2424026412974,91.2056968000414,94.5365589925687,93.4899170782083
44.2261904761905,92.2418860931876,91.2050683959328,94.5360413898156,93.4892905726875
44.2321428571429,92.2413778836111,91.2044536123102,94.5355321085225,93.4886751379443
44.2380952380952,92.2408780125679,91.2038497352998,94.5350300264431,93.4880707739789
44.2440476190476,92.2403864800581,91.2032567649016,94.5345374670369,93.4874774807912
44.25,92.2399050629384,91.2026747011155,94.5340548194272,93.4868952583812
44.2559523809524,92.2394334718171,91.2021035439415,94.5335820321239,93.486324106749
44.2619047619048,92.238971334621,91.2015432933797,94.5331173970395,93.4857646019278
44.2678571428571,92.2385186513501,91.200996650342,94.532663209253,93.4852181829933
44.2738095238095,92.2380754220045,91.2004644136941,94.5322194687642,93.48468394491
44.2797619047619,92.2376409309706,91.19994357974,94.5317863453869,93.484161887678
44.2857142857143,92.2372155686461,91.1994341484797,94.5313639737515,93.4836527213675
44.2916666666667,92.2368008415697,91.1989361199132,94.5309516157819,93.4831566347911
44.2976190476191,92.2363967497416,91.1984494940404,94.5305492714781,93.4826726881373
44.3035714285714,92.2360038144932,91.1979742708614,94.5301554362003,93.4822008814062
44.3095238095238,92.2356213676077,91.1975138484615,94.5297719910952,93.4817440787819
44.3154761904762,92.2352487929146,91.1970672252872,94.5293992152561,93.481301003157
44.3214285714286,92.2348860904139,91.1966318384597,94.5290372962055,93.4808691913904
44.3273809523809,92.2345357581633,91.1962076879789,94.5286863092067,93.4804486434822
44.3333333333333,92.2341958058079,91.1957947738449,94.5283451579837,93.4800393594325
44.3392857142857,92.2338650518728,91.1953930960576,94.5280138425365,93.4796413392411
44.3452380952381,92.233543496358,91.1950026546172,94.5276914377623,93.4792545829081
44.3511904761905,92.2332311392635,91.1946226903085,94.5273784347088,93.4788839124703
44.3571428571429,92.2329279805893,91.1942548395645,94.5270757721867,93.4785247095413
44.3630952380952,92.2326340890072,91.1938998213574,94.5267834501961,93.4781762449244
44.3690476190476,92.2323531280964,91.1935568750087,94.5265019400593,93.4778385186195
44.375,92.2320808856118,91.1932281698936,94.5262298014803,93.4775115306266
44.3809523809524,92.2318173615534,91.1929125895173,94.5259670329105,93.4771952809458
44.3869047619048,92.2315625559211,91.1926073985177,94.5257151734725,93.4768897695769
44.3928571428571,92.2313164687149,91.1923125968949,94.5254738049824,93.4766001463645
44.3988095238095,92.2310790999349,91.1920281846487,94.5252409369054,93.4763206841349
44.4047619047619,92.2308509741495,91.1917541617792,94.5250165692418,93.476051368367
44.4107142857143,92.2306345449309,91.1914905282864,94.5248007019914,93.4757921990609
44.4166666666667,92.2304263024219,91.1912357381989,94.5245933351542,93.4755431762166
44.4226190476191,92.2302262466224,91.1909922974875,94.5243944687302,93.4753042998341
44.4285714285714,92.2300343775324,91.1907603262097,94.5242067664037,93.4750761170088
44.4345238095238,92.2298506951519,91.190540195528,94.5240276727336,93.4748623011632
44.4404761904762,92.229675199481,91.1903314699287,94.5238564865965,93.4746579760608
44.4464285714286,92.229508779321,91.1901328968793,94.5236932079924,93.4744631417016
44.4523809523809,92.2293528832475,91.1899444763796,94.5235378369214,93.4742777980855
44.4583333333333,92.2292045987087,91.1897692143083,94.5233903733833,93.4741019452125
44.4642857142857,92.2290639257046,91.189604516311,94.5232508173782,93.4739355830827
44.4702380952381,92.2289308642352,91.1894488412012,94.5231220808165,93.4737782960189
44.4761904761905,92.2288054143004,91.1893021889787,94.5230009147872,93.4736295923886
44.4821428571429,92.2286875759004,91.1891645596436,94.522887074966,93.4734913240324
44.4880952380952,92.2285785132955,91.189035953196,94.522780561353,93.4733634909503
44.4940476190476,92.2284788100838,91.1889164668264,94.5226813739481,93.4732466124739
44.5,92.2283861917483,91.1888103479439,94.5225895127513,93.4731392737886
44.5059523809524,92.2283006582891,91.1887126956772,94.5225049149691,93.4730412044871
44.5119047619048,92.228222209706,91.1886235100264,94.5224264418623,93.472953789261
44.5178571428571,92.2281508459992,91.1885427909913,94.5223558487009,93.4728775451618
44.5238095238095,92.2280865671686,91.1884705385721,94.5222931354849,93.4728095267743
44.5297619047619,92.2280307928028,91.1884067527687,94.5222385920203,93.4727497340987
44.5357142857143,92.2279833737308,91.188352099726,94.5221913992527,93.4726981671348
44.5416666666667,92.2279425299837,91.1883095139549,94.5221512696236,93.4726548258827
44.5476190476191,92.2279082615616,91.1882748602512,94.5221177962224,93.4726197103423
44.5535714285714,92.2278805684644,91.188248138615,94.5220904773779,93.472595636443
44.5595238095238,92.2278594506921,91.1882293490463,94.5220704315147,93.4725805665415
44.5654761904762,92.2278449082447,91.1882184915451,94.5220576586327,93.4725731597702
44.5714285714286,92.227838507363,91.1882155661113,94.5220524310358,93.4725734161291
44.5773809523809,92.2278395239741,91.1882216402736,94.5220537821969,93.4725813356183
44.5833333333333,92.2278466833837,91.1882385260048,94.5220616828211,93.4725969182377
44.5892857142857,92.2278599855919,91.1882628867752,94.5220775527015,93.4726201639873
44.5952380952381,92.2278794305988,91.1882947225849,94.5221002714806,93.4726541234949
44.6011904761905,92.2279050184043,91.1883340334337,94.5221288781712,93.4726960193795
44.6071428571429,92.2279367490083,91.1883808193218,94.5221633727732,93.472745128426
44.6130952380952,92.2279763656513,91.1884350802492,94.5222037552867,93.4728014506342
44.6190476190476,92.2280226019336,91.1884982254292,94.5222500257118,93.4728649860042
44.625,92.2280745705842,91.1885710705927,94.5223021840482,93.472935734536
44.6309523809524,92.2281322716033,91.1886509555945,94.5223624658353,93.4730136962295
44.6369047619048,92.2281957049909,91.1887378804346,94.522428275905,93.4730998516263
44.6428571428571,92.2282648707469,91.1888318451129,94.5224995711931,93.4731934605624
44.6488095238095,92.2283397688714,91.1889328496295,94.5225763516996,93.4732944547326
44.6547619047619,92.2284222021727,91.1890408939844,94.5226586174244,93.4734032061307
44.6607142857143,92.2285105503254,91.1891577770565,94.5227463683676,93.473519534154
44.6666666666667,92.2286042902451,91.189283410155,94.5228394659708,93.4736429218436
44.6726190476191,92.2287034219318,91.1894156437392,94.5229371057141,93.4737733691997
44.6785714285714,92.2288079453855,91.1895544778091,94.5230406407529,93.4739095184593
44.6845238095238,92.228917860606,91.1896999123647,94.5231500710871,93.4740530623757
44.6904761904762,92.2290331675936,91.1898519474061,94.5232656238455,93.4742040032261
44.6964285714286,92.2291558063377,91.1900105829331,94.523386640552,93.4743626527388
44.7023809523809,92.229283748631,91.1901778390376,94.5235130205909,93.4745280816952
44.7083333333333,92.2294167467397,91.1903528976905,94.5236457475661,93.4747002019292
44.7142857142857,92.2295548006637,91.1905342134485,94.5237843396638,93.4748811025695
44.7202380952381,92.2296979104029,91.1907217863116,94.5239277839877,93.475068748408
44.7261904761905,92.2298460759575,91.1909156162799,94.5240760805376,93.4752623639485
44.7321428571429,92.2299992966868,91.1911157033532,94.5242292293135,93.4754619491911
44.7380952380952,92.2301569162821,91.1913220475316,94.5243872303156,93.4756675041356
44.7440476190476,92.2303200383107,91.1915369527605,94.5245500835436,93.4758790287823
44.75,92.2304887434548,91.19175886061,94.5247172125001,93.4760968904164
44.7559523809524,92.2306627846233,91.1919866609574,94.52488949441,93.4763232475285
44.7619047619048,92.2308418879047,91.1922203538026,94.5250670999566,93.4765552525013
44.7678571428571,92.2310273951075,91.1924599391456,94.5252498254537,93.4767929053347
44.7738095238095,92.2312179766455,91.1927054169865,94.5254374089816,93.4770362060288
44.7797619047619,92.2314131068583,91.1929567873253,94.5256307239343,93.4772851545835
44.7857142857143,92.2316127857459,91.1932135297128,94.5258287713875,93.4775397509989
44.7916666666667,92.2318170133082,91.1934767180631,94.5260312988423,93.4777997893499
44.7976190476191,92.2320257895454,91.1937466582837,94.5262383062987,93.4780652741678
44.8035714285714,92.2322394127556,91.194023028316,94.5264497937567,93.4783370933356
44.8095238095238,92.2324591892955,91.1943055051369,94.5266664139428,93.4786153227491
44.8154761904762,92.2326832576362,91.1945964144633,94.5268884092073,93.4788994281006
44.8214285714286,92.2329116177777,91.1948928148999,94.527114576553,93.4791906163321
44.8273809523809,92.2331442697201,91.195194601728,94.5273449159799,93.4794882383927
44.8333333333333,92.2333812134632,91.1955017749475,94.527579427488,93.4797910463344
44.8392857142857,92.2336224490071,91.1958143345585,94.5278181110774,93.4800990401574
44.8452380952381,92.2338685061431,91.196132280561,94.5280609667479,93.4804122198616
44.8511904761905,92.2341201156149,91.1964567268437,94.5283090015369,93.480730585447
44.8571428571429,92.2343758040006,91.1967881672237,94.5285617633901,93.4810541369136
44.8630952380952,92.2346355713002,91.1971246595863,94.5288184769203,93.4813852444036
44.8690476190476,92.2348994175137,91.1974662039317,94.5290791421277,93.4817213835089
44.875,92.235167342641,91.1978128002596,94.5293437590121,93.4820624184352
44.8809523809524,92.2354393466823,91.1981644485703,94.5296123275737,93.4824083491823
44.8869047619048,92.2357161251349,91.1985211488636,94.5298848478123,93.4827591757504
44.8928571428571,92.2359979621584,91.1988843294267,94.5301624883385,93.4831148981394
44.8988095238095,92.236283680443,91.1992537510235,94.5304444201438,93.4834757241791
44.9047619047619,92.2365732799887,91.1996279771462,94.5307301037341,93.4838437060461
44.9107142857143,92.2368667607955,91.2000070077949,94.5310195391093,93.4842163216926
44.9166666666667,92.2371641228633,91.2003908429695,94.5313127262694,93.4845935711188
44.9226190476191,92.2374653661922,91.2007794826699,94.5316096652144,93.4849754543246
44.9285714285714,92.2377713404112,91.2011729268963,94.5319103559444,93.48536197131
44.9345238095238,92.2380819301896,91.2015728035898,94.5322160929201,93.4857531220751
44.9404761904762,92.2383962105711,91.2019782859717,94.5325257336796,93.486148771822
44.9464285714286,92.2387141815555,91.2023883402424,94.5328389415451,93.4865488149698
44.9523809523809,92.239035843143,91.2028029664019,94.5331557165165,93.4869540671813
44.9583333333333,92.2393611953335,91.2032221644502,94.5334760585939,93.4873645555034
44.9642857142857,92.239690238127,91.2036459343874,94.5337999677773,93.4877798759538
44.9702380952381,92.2400236209365,91.2040742762133,94.5341274440665,93.4882012070548
44.9761904761905,92.2403610636247,91.2045066525087,94.5344591732608,93.4886271963748
44.9821428571429,92.2407021241107,91.204943911358,94.5347945244941,93.4890575632536
44.9880952380952,92.2410468023946,91.2053863731049,94.5351334287884,93.4894923076911
44.9940476190476,92.2413950984763,91.2058339188987,94.5354758861437,93.4899314296872
45,92.2417470123558,91.2062862437227,94.5358218965599,93.4903749292421
45,92.2417470123558,91.2062862437227,94.5358218965599,93.4903749292421
45.0059523809524,92.2420464534126,91.2066677036429,94.5361167454996,93.4907477980122
45.0119047619048,92.2422399612605,91.2069090856038,94.5363114317535,93.4909891882527
45.0178571428571,92.2423483960821,91.2070350190981,94.536413774534,93.491105719768
45.0238095238095,92.2423730595148,91.2070441623622,94.5364343803014,93.4911202619423
45.0297619047619,92.2423230413894,91.2069615425666,94.5363863235297,93.4910377056643
45.0357142857143,92.242201733181,91.2067903120506,94.5362678158929,93.4908636771444
45.0416666666667,92.2420207257107,91.2065365287113,94.5360857497958,93.4906196225948
45.0476190476191,92.2417875042542,91.2062204959946,94.5358556015827,93.4903036998957
45.0535714285714,92.2415018522319,91.2058409700631,94.5355773712534,93.4899233565662
45.0595238095238,92.2411714268581,91.2054022489692,94.53524795087,93.4894957565153
45.0654761904762,92.2408008343516,91.20492299599,94.5348838707304,93.4890208997433
45.0714285714286,92.2403920760228,91.2044032111257,94.5344893441343,93.4885057683537
45.0773809523809,92.2399594620011,91.2038398941526,94.5340643710818,93.4879584904687
45.0833333333333,92.2395029922864,91.2032489238337,94.5336058812348,93.4873788926409
45.0892857142857,92.2390226668789,91.2026352127401,94.5331265348733,93.4867669748704
45.0952380952381,92.2385158130454,91.2019987608721,94.5326312196973,93.4861293990672
45.1011904761905,92.2379951450737,91.2013412080628,94.5321199357068,93.4854743530439
45.1071428571429,92.2374636430898,91.200671217318,94.5315926829019,93.4848018567309
45.1130952380952,92.2369213070937,91.199989982572,94.5310471650094,93.4841074654247
45.1190476190476,92.2363681370854,91.1992975038245,94.5304950955823,93.4834070514459
45.125,92.235805033977,91.1985937810758,94.5299381107453,93.4827040512358
45.1309523809524,92.2352385568107,91.1978784595116,94.5293762104984,93.4819984647945
45.1369047619048,92.2346695305573,91.1971636601468,94.5288093948415,93.4812902921221
45.1428571428571,92.234097955217,91.196450278003,94.5282375028981,93.4805795332185
45.1488095238095,92.2335238307897,91.19573831308,94.5276632122803,93.479865953846
45.1547619047619,92.2329471572754,91.1950277653779,94.5270900804995,93.4791522799416
45.1607142857143,92.2323689139219,91.1943186348966,94.5265181075559,93.4784440218928
45.1666666666667,92.2317944450009,91.1936120896973,94.5259472934494,93.4777411796995
45.1726190476191,92.2312242265549,91.1929127377929,94.5253771397553,93.4770437533617
45.1785714285714,92.230658258584,91.1922208957589,94.5248112224151,93.4763517428796
45.1845238095238,92.230096541088,91.1915365635955,94.5242507951544,93.475665148253
45.1904761904762,92.2295400066103,91.1908597413025,94.5236958579733,93.4749834258162
45.1964285714286,92.2289908764731,91.19019042888,94.5231464166351,93.4743108967245
45.2023809523809,92.2284491900944,91.189528626328,94.5226037663295,93.4736480502836
45.2083333333333,92.2279149474743,91.1888789965256,94.5220687115008,93.4729948864935
45.2142857142857,92.2273881486127,91.1882397084572,94.5215412521489,93.4723523969079
45.2202380952381,92.2268687935097,91.1876106534321,94.5210216608082,93.4717209532305
45.2261904761905,92.2263568821652,91.1869918314503,94.5205123726601,93.4711002725411
45.2321428571429,92.2258554003365,91.1863832425117,94.5200118916565,93.4704903548399
45.2380952380952,92.2253633392336,91.1857848866164,94.5195202177975,93.4698901589168
45.2440476190476,92.2248803011919,91.1851971971505,94.519037351083,93.4693012970871
45.25,92.2244062862114,91.184625175318,94.518563291513,93.4687250405028
45.2559523809524,92.2239412942921,91.184064445292,94.5180980390876,93.4681613891639
45.2619047619048,92.223485325434,91.1835150070725,94.5176431540836,93.4676090270853
45.2678571428571,92.2230383796371,91.1829768606593,94.5171996469512,93.4670690248069
45.2738095238095,92.22260434621,91.1824500060526,94.516765667573,93.46654213143
45.2797619047619,92.2221799574105,91.1819344432524,94.5163412159489,93.4660281275524
45.2857142857143,92.2217650945974,91.1814313150307,94.5159262920791,93.4655265104053
45.2916666666667,92.2213597577706,91.1809443639502,94.5155208959634,93.4650418018011
45.2976190476191,92.2209639469301,91.1804687812281,94.515125027602,93.4645687048875
45.3035714285714,92.2205776620759,91.1800045668645,94.5147408516358,93.4641070681277
45.3095238095238,92.2202012264914,91.1795517208593,94.5143679463672,93.4636568915217
45.3154761904762,92.2198380678491,91.1791102432124,94.5140045718799,93.4632181750696
45.3214285714286,92.2194842974366,91.178680133924,94.5136507281738,93.4627909187713
45.3273809523809,92.2191399152537,91.1782632381955,94.513306415249,93.4623743440106
45.3333333333333,92.2188049213005,91.1778617351768,94.5129716331055,93.4619690368846
45.3392857142857,92.2184793155771,91.1774712087159,94.5126463817432,93.461576648307
45.3452380952381,92.2181630980833,91.1770916588129,94.5123295524002,93.461197178278
45.3511904761905,92.2178570458767,91.1767230854677,94.512022447142,93.4608287908292
45.3571428571429,92.2175634956771,91.1763654886804,94.5117257844381,93.4604724632972
45.3630952380952,92.2172788905934,91.1760188684509,94.511439609251,93.4601287048909
45.3690476190476,92.2170032306255,91.1756855034564,94.5111643088286,93.4597976579241
45.375,92.2167365157733,91.1753660955033,94.5108984462829,93.4594792907584
45.3809523809524,92.216478746037,91.1750571591994,94.510642021614,93.4591722496478
45.3869047619048,92.2162299214164,91.1747586945448,94.5103965078554,93.4588767639408
45.3928571428571,92.2159895432227,91.1744707015395,94.5101617535004,93.4585967244451
45.3988095238095,92.2157574370836,91.1741931801836,94.5099355207211,93.4583267728563
45.4047619047619,92.2155350814689,91.1739261304769,94.5097178095175,93.4580669091743
45.4107142857143,92.2153224763786,91.1736727389815,94.5095086198895,93.4578171333993
45.4166666666667,92.2151200528095,91.1734314912855,94.5093079518372,93.457577445531
45.4226190476191,92.2149266438712,91.1732000609967,94.5091158053606,93.4573478455697
45.4285714285714,92.2147419336161,91.1729784481154,94.5089347956425,93.4571304127655
45.4345238095238,92.2145664048902,91.1727666526414,94.5087626015466,93.4569255480435
45.4404761904762,92.2144019305859,91.1725646745748,94.5085983219669,93.4567301162689
45.4464285714286,92.2142452497513,91.1723725139155,94.5084419569032,93.4565441174418
45.4523809523809,92.2140963623865,91.1721937705771,94.5082935063557,93.4563675515622
45.4583333333333,92.2139552684914,91.1720257907057,94.5081529703242,93.4562004186299
45.4642857142857,92.2138219680659,91.1718669885508,94.5080203488089,93.4560427186452
45.4702380952381,92.2136964611102,91.1717173641124,94.5078984481461,93.4558969673853
45.4761904761905,92.2135803050615,91.1715769173905,94.5077842907751,93.455762311481
45.4821428571429,92.2134732181314,91.171445648385,94.5076774741839,93.4556364980417
45.4880952380952,92.2133733623011,91.1713235570961,94.5075779983725,93.4555195270674
45.4940476190476,92.2132807375705,91.171209385424,94.5074858633408,93.4554113985581
45.5,92.2131953439398,91.1711050279913,94.507401069089,93.4553121125137
45.5059523809524,92.2131171814089,91.1710108614074,94.5073236156169,93.4552216689343
45.5119047619048,92.2130462499777,91.1709271901026,94.5072563010558,93.455142901126
45.5178571428571,92.2129844539705,91.1708536168861,94.5071958268266,93.4550740095818
45.5238095238095,92.2129307141939,91.1707890751521,94.5071421749359,93.4550133708787
45.5297619047619,92.2128836624078,91.1707335649005,94.5070953453838,93.4549609850166
45.5357142857143,92.2128432986123,91.1706901770391,94.5070553381703,93.4549168519956
45.5416666666667,92.2128096228073,91.1706556156849,94.5070221532953,93.4548809718157
45.5476190476191,92.2127826349929,91.1706290569496,94.5069960918906,93.4548533444769
45.5535714285714,92.212762335169,91.170610500833,94.5069791164075,93.4548370110632
45.5595238095238,92.2127507747505,91.1705999473353,94.5069684571228,93.4548294449696
45.5654761904762,92.2127463446207,91.1705973964565,94.5069641140364,93.4548296055139
45.5714285714286,92.2127481617169,91.1706025871932,94.5069660871484,93.4548374926961
45.5773809523809,92.212756226039,91.1706148349598,94.5069743764588,93.4548531065162
45.5833333333333,92.2127705375871,91.1706359623159,94.5069889819675,93.4548764469742
45.5892857142857,92.2127910963611,91.1706659692616,94.5070102298853,93.45490751407
45.5952380952381,92.2128179023611,91.1707053098964,94.5070388757972,93.4549495328959
45.6011904761905,92.2128531157317,91.1707528065664,94.5070736348767,93.4549993222321
45.6071428571429,92.2128946647271,91.1708082280723,94.5071145071237,93.4550563456705
45.6130952380952,92.2129420506814,91.1708730772362,94.5071614925382,93.4551206032111
45.6190476190476,92.2129952735946,91.1709473722099,94.5072146361577,93.4551920948538
45.625,92.2130543334667,91.1710286905946,94.5072750602581,93.4552708205988
45.6309523809524,92.2131192302977,91.1711170323905,94.5073412127265,93.455356780446
45.6369047619048,92.2131899640876,91.1712123975975,94.507413093563,93.4554487835888
45.6428571428571,92.2132688073046,91.1713147862157,94.5074907027677,93.4555487710928
45.6488095238095,92.2133532946789,91.1714241982449,94.5075740403404,93.4556567835836
45.6547619047619,92.2134432465553,91.1715434439678,94.5076649585905,93.4557731590912
45.6607142857143,92.213538662934,91.1716702602979,94.507761477795,93.4558969172509
45.6666666666667,92.213639543815,91.1718037068934,94.5078632366467,93.4560278759156
45.6726190476191,92.2137458891981,91.1719437837541,94.5079702351458,93.456167871197
45.6785714285714,92.2138578033975,91.1720904908802,94.5080824732922,93.4563156737694
45.6845238095238,92.2139774096143,91.1722438282716,94.508199951086,93.4564698577822
45.6904761904762,92.2141021328502,91.1724037959283,94.5083228315583,93.4566304232356
45.6964285714286,92.2142319731052,91.1725735170995,94.5084528887479,93.4567973701294
45.7023809523809,92.2143669303793,91.1727499467098,94.5085878736441,93.4569706984637
45.7083333333333,92.2145070046725,91.1729326487017,94.508727786247,93.4571504082385
45.7142857142857,92.2146521959849,91.1731216230752,94.5088726265567,93.4573394380099
45.7202380952381,92.2148028484083,91.1733168698304,94.5090223945729,93.4575346389515
45.7261904761905,92.2149604011668,91.1735183889672,94.5091770902959,93.4577358664605
45.7321428571429,92.2151227844886,91.1737261804856,94.5093371097157,93.4579431205369
45.7380952380952,92.2152899983734,91.1739435293892,94.5095035987463,93.4581564011807
45.7440476190476,92.2154620428214,91.1741668433975,94.5096747338926,93.4583757083919
45.75,92.2156389178326,91.1743961025617,94.5098505151547,93.4586012852499
45.7559523809524,92.2158206234069,91.174631306882,94.5100309425327,93.4588354631805
45.7619047619048,92.2160077217815,91.1748724563583,94.5102160160264,93.4590753507405
45.7678571428571,92.2162010885493,91.1751195509907,94.5104057356359,93.4593209479299
45.7738095238095,92.2163990110774,91.1753727356243,94.5106006974712,93.4595722547485
45.7797619047619,92.2166014893657,91.1756332021486,94.5108015582868,93.4598292711966
45.7857142857143,92.2168085234144,91.1758996850766,94.511006794415,93.460091997274
45.7916666666667,92.2170201132234,91.1761721844083,94.5112164058557,93.4603609889619
45.7976190476191,92.2172362587926,91.1764507001438,94.511430392609,93.4606378896998
45.8035714285714,92.2174576689065,91.1767358942912,94.5116487546748,93.460920156928
45.8095238095238,92.2176847158777,91.1770273915253,94.5118714920532,93.4612077906465
45.8154761904762,92.2179160951019,91.1773246203031,94.5120993459049,93.4615007908553
45.8214285714286,92.2181518065792,91.1776275806246,94.5123325291888,93.4617991575545
45.8273809523809,92.2183918503094,91.1779363099249,94.5125698649503,93.462102890744
45.8333333333333,92.2186362262927,91.1782518931011,94.5128113531895,93.4624117620683
45.8392857142857,92.218884934529,91.1785730098803,94.5130569939064,93.4627258743245
45.8452380952381,92.2191389054301,91.1788996602626,94.513306787101,93.4630460058227
45.8511904761905,92.2193980537922,91.1792318442479,94.5135607327733,93.4633722014642
45.8571428571429,92.2196612785694,91.1795700551159,94.5138197255928,93.4637039559934
45.8630952380952,92.2199285797618,91.1799142618162,94.5140835721907,93.464040737841
45.8690476190476,92.2201999573693,91.1802637253903,94.5143513495142,93.4643830149606
45.875,92.2204754113921,91.1806184458384,94.5146230575636,93.4647311349192
45.8809523809524,92.22075494183,91.1809784231603,94.5148986963386,93.4650847979997
45.8869047619048,92.2210396126522,91.1813458058918,94.5151782658393,93.4654436287969
45.8928571428571,92.2213289707941,91.1817184437696,94.5154617660657,93.4658072767052
45.8988095238095,92.2216222081698,91.1820958406284,94.5157501706285,93.4661764596635
45.9047619047619,92.2219193247793,91.1824779964681,94.5160429736772,93.4665512181763
45.9107142857143,92.2222203206227,91.1828649112887,94.5163395266417,93.466931114205
45.9166666666667,92.2225251956998,91.1832565850903,94.5166398295222,93.4673176730758
45.9226190476191,92.2228339500108,91.1836532440439,94.5169438823186,93.467709361986
45.9285714285714,92.2231477678675,91.1840570135441,94.5172516850309,93.468105605891
45.9345238095238,92.2234658381355,91.1844653531816,94.5175632376591,93.4685064047906
45.9404761904762,92.2237876025617,91.1848782629562,94.5178796687351,93.4689117586851
45.9464285714286,92.2241130611461,91.185295742868,94.5182001043813,93.4693216675743
45.9523809523809,92.2244422138886,91.185717792917,94.5185240909622,93.4697365545555
45.9583333333333,92.2247750607894,91.1861444131032,94.5188516284776,93.4701577932858
45.9642857142857,92.2251116018483,91.1865760086077,94.5191827169276,93.4705833401783
45.9702380952381,92.2254528394497,91.1870137005512,94.5195173563122,93.471013195233
45.9761904761905,92.2257979487774,91.1874558538626,94.5198555466314,93.4714473584499
45.9821428571429,92.2261466741279,91.1879024685418,94.5201976819871,93.471885829829
45.9880952380952,92.2264990155011,91.1883535445888,94.5205434877101,93.4723286093702
45.9940476190476,92.2268549728972,91.1888090820037,94.5208928882981,93.472775736205
46,92.2272145463161,91.1892690807864,94.5212458837512,93.4732274805908
46,92.2272145463161,91.1892690807864,94.5212458837512,93.4732274805908
46.0059523809524,92.2275216165357,91.1896580330166,94.5215476463828,93.473609627525
46.0119047619048,92.2277227014575,91.1899103850722,94.5217455920951,93.473861484799
46.0178571428571,92.2278386583093,91.1900395976407,94.5218603149991,93.4739913115787
46.0238095238095,92.2278672590793,91.1900541772272,94.5218899196286,93.4740089311197
46.0297619047619,92.2278198108844,91.1899781677292,94.5218432530109,93.4739301907095
46.0357142857143,92.2277095435203,91.1898133730138,94.5217352964413,93.4737713433601
46.0416666666667,92.2275345963581,91.1895659889329,94.5215654112674,93.4735344687368
46.0476190476191,92.227301860037,91.1892564518939,94.5213349042609,93.4732307633872
46.0535714285714,92.2270260802216,91.1888851118809,94.5210625798989,93.4728612209533
46.0595238095238,92.226707256912,91.188462300269,94.5207484381815,93.4724381131837
46.0654761904762,92.226342263619,91.1879917585747,94.5203897736914,93.4719693036306
46.0714285714286,92.2259460709747,91.1874757287957,94.5199963274126,93.4714650346733
46.0773809523809,92.2255236598462,91.1869253920985,94.5195776513473,93.4709256923497
46.0833333333333,92.2250750302334,91.1863422155647,94.5191337454956,93.4703512766597
46.0892857142857,92.2245975337871,91.1857310977908,94.5186639600105,93.4697409326367
46.0952380952381,92.224100362996,91.1850996073834,94.5181682221369,93.4691088350594
46.1011904761905,92.2235905504171,91.1844478272217,94.5176607000185,93.4684603414134
46.1071428571429,92.2230680960506,91.1837736412773,94.5171413936554,93.4677954516985
46.1130952380952,92.2225329998963,91.1830890391319,94.5166103030475,93.4671147897965
46.1190476190476,92.2219833013534,91.1823984232088,94.5160674281948,93.4664277251734
46.125,92.2214267147931,91.1817017935082,94.5155113397402,93.4657348873201
46.1309523809524,92.2208675081394,91.1809991500301,94.5149530584275,93.4650362762365
46.1369047619048,92.2203056813926,91.1802906036347,94.5143927880083,93.4643318919228
46.1428571428571,92.2197412345525,91.179582016582,94.5138305284826,93.4636220361482
46.1488095238095,92.2191741676192,91.1788747885008,94.5132662798505,93.462913690237
46.1547619047619,92.2186041663325,91.1781689193912,94.5126999550319,93.4622083129992
46.1607142857143,92.2180371881862,91.1774643538511,94.512132554668,93.461505904435
46.1666666666667,92.217474206227,91.1767638289882,94.5115695288174,93.4608064766687
46.1726190476191,92.216915220455,91.176069867276,94.5110108774798,93.460112873695
46.1785714285714,92.21636023087,91.1753824687147,94.5104566006555,93.4594271176009
46.1845238095238,92.2158092374723,91.1747016333041,94.5099066983443,93.4587492083865
46.1904761904762,92.2152622402616,91.17402952452,94.5093611705462,93.4580791460517
46.1964285714286,92.2147216842251,91.1733673502314,94.5088202942508,93.4574169305966
46.2023809523809,92.2141887216356,91.1727146179948,94.508286885471,93.4567625620212
46.2083333333333,92.2136632866846,91.1720713278101,94.5077612404892,93.4561168483264
46.2142857142857,92.2131453793721,91.1714374796775,94.5072433593051,93.4554821272369
46.2202380952381,92.212634999698,91.1708130735968,94.506733241919,93.4548580706757
46.2261904761905,92.2121321476625,91.1701981095681,94.5062308883307,93.4542446786426
46.2321428571429,92.2116369344378,91.1695978806728,94.5057362985403,93.4536419511377
46.2380952380952,92.2111528010664,91.1690087912156,94.5052504441696,93.453051817742
46.2440476190476,92.2106777704111,91.1684307499108,94.5047753561418,93.4524735115369
46.25,92.2102118424718,91.1678637567584,94.5043094959672,93.4519067766634
46.2559523809524,92.2097550172486,91.1673078117583,94.5038528636459,93.4513516131217
46.2619047619048,92.2093072947414,91.1667629149107,94.5034054591778,93.4508095214893
46.2678571428571,92.2088686749502,91.1662296510023,94.5029672825629,93.4502824094419
46.2738095238095,92.2084397264295,91.1657127554954,94.5025383338013,93.4497668307956
46.2797619047619,92.2080233532662,91.1652073065607,94.5021201909485,93.4492627855506
46.2857142857143,92.2076164773083,91.1647133041985,94.5017136162118,93.4487702737068
46.2916666666667,92.2072190985557,91.1642307484086,94.5013166467741,93.4482892952642
46.2976190476191,92.2068312170085,91.1637596391911,94.5009292826352,93.4478198502227
46.3035714285714,92.2064528326666,91.1632999765459,94.5005515237952,93.4473651706478
46.3095238095238,92.20608394553,91.1628530665516,94.5001833702541,93.4469242938594
46.3154761904762,92.2057256126955,91.1624222475342,94.4998248220119,93.4464947842008
46.3214285714286,92.2053796879146,91.1620026099941,94.4994749728476,93.446076641672
46.3273809523809,92.205043094027,91.1615941539312,94.4991347993095,93.445669866273
46.3333333333333,92.2047158310326,91.1611968793457,94.4988053151057,93.4452744580039
46.3392857142857,92.2043978989314,91.1608107862374,94.4984865202361,93.4448904168646
46.3452380952381,92.2040892977234,91.1604358746064,94.498176443941,93.4445216675582
46.3511904761905,92.2037900274087,91.1600740406852,94.4978766876222,93.4441655815322
46.3571428571429,92.2035015914713,91.1597270966165,94.4975873560669,93.4438203554318
46.3630952380952,92.2032247639178,91.1593908469847,94.4973086603813,93.4434859892568
46.3690476190476,92.2029567889045,91.1590652917898,94.4970401633147,93.4431624830074
46.375,92.2026976664313,91.1587504310317,94.496781176648,93.4428498366835
46.3809523809524,92.2024473964983,91.1584462647105,94.4965325195138,93.442548050285
46.3869047619048,92.2022059791055,91.1581527928262,94.4962954928774,93.4422614478751
46.3928571428571,92.2019734142528,91.1578724614824,94.4960670451607,93.4419862005947
46.3988095238095,92.2017514847013,91.1576054999127,94.4958471763638,93.4417211794668
46.4047619047619,92.2015399971671,91.1573486246765,94.4956358864865,93.4414663844916
46.4107142857143,92.2013368390419,91.1571018357737,94.495433175529,93.441221815669
46.4166666666667,92.2011420103258,91.1568651332044,94.4952390434913,93.440987472999
46.4226190476191,92.2009555110187,91.1566385169687,94.49505558102,93.4407633564817
46.4285714285714,92.2007773411206,91.1564219870664,94.4948815988003,93.4405540022912
46.4345238095238,92.2006075006316,91.1562146045758,94.4947156028525,93.4403546865323
46.4404761904762,92.20044808946,91.1560174335701,94.4945575931765,93.4401649478856
46.4464285714286,92.200298015037,91.1558315063197,94.4944075697724,93.439984786351
46.4523809523809,92.2001556695627,91.1556568591516,94.4942655326402,93.4398142019284
46.4583333333333,92.200021053037,91.1554940204209,94.4941314817799,93.439653194618
46.4642857142857,92.19989416546,91.1553410991794,94.4940078207777,93.4395017269519
46.4702380952381,92.1997750068316,91.1551980954272,94.4938925050856,93.4393584458579
46.4761904761905,92.1996635771518,91.155067200903,94.4937845782634,93.4392257512655
46.4821428571429,92.1995621952888,91.1549475060377,94.4936840403111,93.4391036431748
46.4880952380952,92.1994690828794,91.1548366093149,94.4935908912287,93.4389908103567
46.4940476190476,92.1993831360357,91.1547345107345,94.4935051310163,93.4388874437969
46.5,92.1993043547579,91.1546412102965,94.4934267596737,93.4387942139137
46.5059523809524,92.1992327390458,91.1545567080009,94.4933583242967,93.4387112704935
46.5119047619048,92.1991682888994,91.1544810038478,94.4932972558912,93.4386382849425
46.5178571428571,92.1991110043188,91.1544179665454,94.4932430339793,93.4385744378973
46.5238095238095,92.1990633581313,91.1543638528029,94.4931956585609,93.4385211935789
46.5297619047619,92.1990230132789,91.1543179279328,94.4931551296361,93.4384786270837
46.5357142857143,92.1989893286281,91.1542801919351,94.4931214472048,93.4384441431698
46.5416666666667,92.1989623041789,91.1542506448098,94.4930946112669,93.4384177418372
46.5476190476191,92.1989419399313,91.154229286557,94.4930734146686,93.4383994230857
46.5535714285714,92.1989282358853,91.1542161171766,94.4930594976347,93.4383891869155
46.5595238095238,92.1989211920409,91.1542152594537,94.4930529383067,93.4383870333266
46.5654761904762,92.1989233318617,91.1542222287856,94.4930539788378,93.4383960119052
46.5714285714286,92.1989319403095,91.1542369174817,94.4930619740428,93.4384134635221
46.5773809523809,92.1989467606263,91.154259325542,94.4930765896727,93.4384384261797
46.5833333333333,92.1989677928121,91.1542894529665,94.4930983351274,93.4384708998781
46.5892857142857,92.1989950368671,91.1543272997551,94.4931282701763,93.4385108846172
46.5952380952381,92.1990284927911,91.1543732280646,94.4931641242671,93.438558380397
46.6011904761905,92.1990682249772,91.1544304597196,94.4932058973999,93.4386133872176
46.6071428571429,92.1991166841677,91.1544949478464,94.4932535895746,93.438679161751
46.6130952380952,92.1991709325818,91.154566692445,94.4933072007913,93.4387524028484
46.6190476190476,92.1992309702194,91.1546456935152,94.49336673105,93.4388327248513
46.625,92.1992967970807,91.1547319510572,94.4934335445719,93.4389201277597
46.6309523809524,92.1993684131657,91.1548254650709,94.4935070558436,93.4390146115737
46.6369047619048,92.1994458184742,91.1549260404898,94.4935860730317,93.4391161762932
46.6428571428571,92.1995292083673,91.1550335831728,94.4936705961363,93.4392248562373
46.6488095238095,92.199619618269,91.1551490018019,94.4937606251574,93.4393439965273
46.6547619047619,92.1997156809864,91.1552720737065,94.493856160095,93.4394697849451
46.6607142857143,92.1998173965195,91.1554033096944,94.4939572009491,93.4396022214907
46.6666666666667,92.1999247648682,91.1555421783962,94.4940653568031,93.4397413061642
46.6726190476191,92.2000377860327,91.1556889168022,94.4941794728615,93.4398870389655
46.6785714285714,92.2001576195177,91.155845289672,94.4942987287096,93.4400394198947
46.6845238095238,92.2002828364989,91.156008163463,94.4944231243474,93.4401983312975
46.6904761904762,92.2004133824048,91.1561775381754,94.4945526597749,93.4403634083464
46.6964285714286,92.2005492572355,91.1563534138091,94.494687334992,93.4405358931396
46.7023809523809,92.2006904609909,91.1565357903641,94.4948271499989,93.4407159181878
46.7083333333333,92.2008386016252,91.1567246678404,94.4949737570216,93.4409029229176
46.7142857142857,92.2009921296417,91.1569219834366,94.4951256915705,93.4410968830472
46.7202380952381,92.2011505753983,91.1571269522427,94.4952824836247,93.4412987055012
46.7261904761905,92.2013139388951,91.1573380183984,94.495444133184,93.4415068202295
46.7321428571429,92.2014822201318,91.1575551819039,94.4956106402485,93.441721227232
46.7380952380952,92.2016554191087,91.157778442759,94.4957820048182,93.4419419265087
46.7440476190476,92.2018335219456,91.1580078009638,94.495958226893,93.4421696040172
46.75,92.202015936553,91.1582432565182,94.4961411079943,93.4424040688052
46.7559523809524,92.202203724465,91.1584858707361,94.4963287609791,93.4426445462065
46.7619047619048,92.2023969631864,91.1587351022405,94.4965209720516,93.4428910362209
46.7678571428571,92.2025953890361,91.1589905090106,94.4967177412116,93.4431435388485
46.7738095238095,92.2027987693591,91.1592520910463,94.4969190684593,93.4434031201811
46.7797619047619,92.2030085409141,91.1595199515866,94.4971249537945,93.4436686163109
46.7857142857143,92.2032231427709,91.1597950509374,94.4973354101405,93.4439398503173
46.7916666666667,92.2034421921773,91.1600760135066,94.4975514801958,93.4442168222005
46.7976190476191,92.2036656891332,91.160362839294,94.497772039656,93.4444997370495
46.8035714285714,92.2038936336386,91.1606555282996,94.4979970885213,93.4447906587354
46.8095238095238,92.2041260256935,91.160955366022,94.4982266267916,93.4450868227282
46.8154761904762,92.2043632974154,91.1612622131454,94.498460698081,93.4453882290279
46.8214285714286,92.2046064674898,91.1615743748158,94.4987000419297,93.4456948776346
46.8273809523809,92.2048538416644,91.1618918510329,94.498943664514,93.4460067685482
46.8333333333333,92.2051054199392,91.1622146417968,94.4991915658338,93.4463239017687
46.8392857142857,92.2053612023143,91.1625427471076,94.4994437458891,93.4466471320726
46.8452380952381,92.2056211887895,91.1628761669651,94.499700145795,93.4469771921044
46.8511904761905,92.205885379365,91.1632168905528,94.4999603024806,93.4473122652836
46.8571428571429,92.2061541262789,91.1635634915038,94.500225001912,93.4476523516101
46.8630952380952,92.2064277408092,91.1639151673199,94.5004943048451,93.447997451084
46.8690476190476,92.2067055459709,91.164271918001,94.5007679227041,93.4483475637052
46.875,92.2069875417638,91.1646337435473,94.5010456171368,93.4487026894738
46.8809523809524,92.207273728188,91.1650006439586,94.5013270872384,93.4490639836262
46.8869047619048,92.207563762004,91.1653726192351,94.5016129293803,93.4494315265222
46.8928571428571,92.2078576291259,91.1657518902396,94.5019032013701,93.4498038131026
46.8988095238095,92.2081559031496,91.1661364245393,94.5021975828102,93.4501808433675
46.9047619047619,92.2084586958096,91.1665257829086,94.5024966358935,93.4505626173167
46.9107142857143,92.2087657067899,91.1669199653475,94.5028003156932,93.4509491349505
46.9166666666667,92.2090767974864,91.1673189718558,94.503107687547,93.4513403962686
46.9226190476191,92.2093926340121,91.1677228024336,94.503418751455,93.4517378226824
46.9285714285714,92.2097125067073,91.168131457081,94.5037335074172,93.4521409403118
46.9345238095238,92.2100362293546,91.1685459625542,94.5040519554335,93.4525485459331
46.9404761904762,92.2103638019537,91.1689654459488,94.5043740955039,93.4529606395462
46.9464285714286,92.2106952245049,91.1693898570129,94.5046992687608,93.4533772211512
46.9523809523809,92.211031168397,91.1698191957464,94.5050283009896,93.4537982907481
46.9583333333333,92.2113709048477,91.170254040213,94.5053613458965,93.4542238483368
46.9642857142857,92.2117143176108,91.170693995466,94.5056984034817,93.4546552973976
46.9702380952381,92.2120614066864,91.1711386009006,94.5060397555648,93.4550918174962
46.9761904761905,92.2124121720746,91.1715878565167,94.5063848316057,93.4555326741491
46.9821428571429,92.2127670512032,91.1720418763675,94.5067334969335,93.4559778673565
46.9880952380952,92.2131255962325,91.1725009214586,94.5070857515484,93.4564273971183
46.9940476190476,92.2134877713866,91.1729645937767,94.5074416611644,93.4568812634345
47,92.2138535766655,91.1734328933216,94.5078012118395,93.4573394663051
47,92.2138535766655,91.1734328933216,94.5078012118395,93.4573394663051
47.0059523809524,92.214166866025,91.1738295465131,94.5081095157631,93.4577282279415
47.0119047619048,92.2143741322181,91.1740906772992,94.5083178013541,93.4579795438061
47.0178571428571,92.2144962405589,91.1742286132636,94.5084354996944,93.4581166304856
47.0238095238095,92.21453096001,91.1742517816775,94.5084711714608,93.458144006372
47.0297619047619,92.2144895852449,91.1741842323388,94.5084280087698,93.4580727837586
47.0357142857143,92.2143853845287,91.1740275470253,94.5083252195845,93.4579208044414
47.0416666666667,92.2142165161725,91.1737886704176,94.5081628039046,93.4576904230628
47.0476190476191,92.2139897602934,91.1734874146994,94.507938173671,93.4573899219258
47.0535714285714,92.2137199732125,91.1731223513096,94.5076701472451,93.4570228743133
47.0595238095238,92.2134071549299,91.1726987196439,94.5073618274496,93.4566051422033
47.0654761904762,92.2130482022408,91.1722343267561,94.5070127312703,93.4561456117862
47.0714285714286,92.2126579415103,91.1717291726461,94.5066226182148,93.455644283062
47.0773809523809,92.2122414537006,91.171180340379,94.5062085020545,93.4550985807071
47.0833333333333,92.2117987388116,91.1706044546815,94.5057703827895,93.4545266860804
47.0892857142857,92.2113271841772,91.170005607313,94.5053082604198,93.453931251784
47.0952380952381,92.2108359900892,91.1693837982736,94.5048191652075,93.453312277818
47.1011904761905,92.2103321138083,91.1687364292902,94.5043159450708,93.452667175709
47.1071428571429,92.2098155553346,91.1680763865869,94.5038018407659,93.4520096398804
47.1130952380952,92.209286314668,91.1674072758723,94.5032768522928,93.4513426679663
47.1190476190476,92.2087424041245,91.1667290971466,94.5027409796515,93.4506662599668
47.125,92.2081916362214,91.1660418504096,94.5021937425487,93.4499804158819
47.1309523809524,92.2076382616581,91.1653465613883,94.5016418485112,93.4492864404814
47.1369047619048,92.2070822804347,91.1646499057244,94.5010878184114,93.4485918260165
47.1428571428571,92.206523692551,91.1639521650193,94.5005316522496,93.4478968552746
47.1488095238095,92.2059624980072,91.1632532237999,94.4999733500255,93.4472015282558
47.1547619047619,92.2053983582456,91.1625561916272,94.4994129117393,93.4465058449601
47.1607142857143,92.204837163337,91.1618629965886,94.4988504144098,93.4458097912105
47.1666666666667,92.2042799756728,91.1611736386838,94.4982905221131,93.4451175402386
47.1726190476191,92.203726795253,91.1604894968024,94.4977347745677,93.4444317213683
47.1785714285714,92.2031776220776,91.159813181532,94.4971831717737,93.4437523345995
47.1845238095238,92.2026324561466,91.1591447282477,94.496635713731,93.4430793799323
47.1904761904762,92.20209129746,91.1584841369497,94.4960917411546,93.4424146870627
47.1964285714286,92.2015563571093,91.1578314076378,94.495553708646,93.4417599446166
47.2023809523809,92.2010290530027,91.1571865403121,94.495022582225,93.4411147446495
47.2083333333333,92.2005093201759,91.1565498049585,94.4944985606433,93.4404790871615
47.2142857142857,92.199997158629,91.1559258603316,94.4939826349835,93.4398529721526
47.2202380952381,92.1994925683618,91.1553123477328,94.4934748692023,93.4392363996228
47.2261904761905,92.1989955493744,91.1547092671621,94.4929749772079,93.438629369572
47.2321428571429,92.1985061515772,91.1541166186195,94.4924824852472,93.4380366980199
47.2380952380952,92.1980279712004,91.1535344021049,94.4919996337607,93.4374555195606
47.2440476190476,92.1975588701239,91.1529626176184,94.4915264227486,93.4368855027624
47.25,92.1970988483474,91.1524023300543,94.491062304667,93.4363266476252
47.2559523809524,92.1966479058711,91.1518573684637,94.4906072256761,93.4357789541492
47.2619047619048,92.196206042695,91.1513237367324,94.4901623535226,93.4352424223343
47.2678571428571,92.195773258819,91.1508014348603,94.4897269064534,93.4347169483308
47.2738095238095,92.1953500530762,91.1502904628477,94.4893019199163,93.4342015192761
47.2797619047619,92.1949395645254,91.1497908206943,94.4888877485224,93.4336993973179
47.2857142857143,92.1945385503529,91.1493025084003,94.4884839713584,93.4332105824564
47.2916666666667,92.1941470105587,91.1488273535625,94.4880902511461,93.4327343878673
47.2976190476191,92.1937649451428,91.1483676943883,94.4877057658559,93.4322696850622
47.3035714285714,92.1933923541052,91.1479193595961,94.4873307330147,93.4318181912161
47.3095238095238,92.1930292374459,91.1474823491859,94.4869664029191,93.4313799063289
47.3154761904762,92.1926765667445,91.1470566631577,94.4866127755691,93.4309553283796
47.3214285714286,92.1923364391208,91.1466423015115,94.4862704209441,93.4305435671741
47.3273809523809,92.1920056244689,91.1462392642473,94.4859382130797,93.4301438901549
47.3333333333333,92.1916841227888,91.1458500542868,94.4856158733798,93.4297572449546
47.3392857142857,92.1913719340804,91.1454753939236,94.485303719976,93.4293862536937
47.3452380952381,92.1910690583439,91.1451116467581,94.4850043527252,93.4290262201084
47.3511904761905,92.1907754955791,91.1447588127902,94.4847140986339,93.4286771441987
47.3571428571429,92.190492615832,91.14441689202,94.484432957702,93.4283390259645
47.3630952380952,92.1902214030773,91.1440858844474,94.4841609299295,93.428011865406
47.3690476190476,92.1899590720297,91.1437657900725,94.4838980153164,93.427695662523
47.375,92.1897056226891,91.1434595591207,94.4836442138627,93.4273932635168
47.3809523809524,92.1894610550556,91.1431664957731,94.4834010771244,93.4271038342231
47.3869047619048,92.1892253691291,91.1428837995641,94.4831688281,93.4268247555591
47.3928571428571,92.1889985649097,91.1426114704937,94.4829451570025,93.426556027525
47.3988095238095,92.1887823778353,91.142349508562,94.4827300638318,93.4262976501207
47.4047619047619,92.1885767744324,91.1420979137689,94.482523548588,93.4260496233462
47.4107142857143,92.1883794777468,91.1418566861145,94.4823256112711,93.4258119472016
47.4166666666667,92.1881904877784,91.1416251120843,94.482136251881,93.4255879338746
47.4226190476191,92.1880098045273,91.1414045862605,94.4819573720931,93.4253754444033
47.4285714285714,92.1878374279933,91.1411957507792,94.481788239993,93.425172672416
47.4345238095238,92.1876733581766,91.1409978521026,94.4816270998732,93.4249796179127
47.4404761904762,92.1875195685739,91.1408135533478,94.4814739517339,93.4247962808932
47.4464285714286,92.1873751833854,91.1406403777225,94.481328795575,93.4246226613578
47.4523809523809,92.1872385436726,91.1404765926528,94.4811916313965,93.4244587593063
47.4583333333333,92.1871096494358,91.1403221981385,94.4810624591984,93.4243082903039
47.4642857142857,92.1869885006747,91.1401771941798,94.4809433385235,93.4241680389414
47.4702380952381,92.1868750973896,91.1400415807765,94.4808328618732,93.4240368218393
47.4761904761905,92.1867694395802,91.1399158495788,94.4807298126351,93.4239146389975
47.4821428571429,92.1866737109561,91.1398037010391,94.4806341908092,93.4238014904161
47.4880952380952,92.1865863219762,91.1397002677018,94.4805459963955,93.423697376095
47.4940476190476,92.186506112683,91.139605549567,94.480465229394,93.4236022960343
47.5,92.1864330830763,91.1395195466347,94.4803918898046,93.4235201782329
47.5059523809524,92.1863672331563,91.1394422589049,94.4803282702643,93.4234470837622
47.5119047619048,92.1863085629229,91.1393736863775,94.480272303905,93.4233824294161
47.5178571428571,92.186257072376,91.1393149251376,94.4802231826272,93.4233262151944
47.5238095238095,92.1862151496503,91.1392682747674,94.4801809064307,93.4232784410973
47.5297619047619,92.1861806087261,91.1392297818094,94.4801454753157,93.4232391071246
47.5357142857143,92.1861527225714,91.1391994462636,94.4801168892821,93.4232082132764
47.5416666666667,92.1861314911862,91.1391772681301,94.4800951483299,93.4231898611068
47.5476190476191,92.1861169145705,91.1391632474088,94.4800826385771,93.4231794411909
47.5535714285714,92.1861089927243,91.1391573840997,94.4800768808101,93.423176906655
47.5595238095238,92.1861077256475,91.1391591471521,94.4800774798168,93.4231822574991
47.5654761904762,92.1861156460726,91.1391686905566,94.480084435597,93.4231954937233
47.5714285714286,92.1861300892643,91.1391874050667,94.4800977481508,93.4232166153275
47.5773809523809,92.1861507257912,91.1392152906823,94.4801174174781,93.4232460350259
47.5833333333333,92.1861775556533,91.139252760393,94.480143443579,93.4232866836762
47.5892857142857,92.1862105788506,91.1392983995169,94.4801746132757,93.4233347236405
47.5952380952381,92.1862497953831,91.1393522070539,94.4802125692654,93.4233901549188
47.6011904761905,92.1862952017264,91.1394164592622,94.4802573420349,93.423452977511
47.6071428571429,92.1863456581879,91.1394892662903,94.4803079889117,93.4235231914173
47.6130952380952,92.1864028528581,91.139569313084,94.4803647087497,93.4236007966375
47.6190476190476,92.1864667857369,91.1396565996432,94.4804280140177,93.4236865704445
47.625,92.1865377079682,91.1397511259678,94.4804976160813,93.4237823909816
47.6309523809524,92.1866149410587,91.139852892058,94.4805729327595,93.4238851481742
47.6369047619048,92.186698231807,91.1399619514853,94.4806546377891,93.4239948420222
47.6428571428571,92.1867882758434,91.1400818236766,94.4807428318406,93.4241114725256
47.6488095238095,92.1868855986779,91.1402084833495,94.4808370728521,93.4242350396845
47.6547619047619,92.1869883598572,91.1403419305039,94.480937173324,93.4243655434989
47.6607142857143,92.1870965593811,91.1404821651398,94.4810450100712,93.424504075249
47.6666666666667,92.1872101972496,91.1406291872574,94.4811581077357,93.4246516261079
47.6726190476191,92.1873292734629,91.1407829968565,94.4812764618302,93.4248056890559
47.6785714285714,92.1874537880209,91.1409441194733,94.4814000723547,93.4249662640929
47.6845238095238,92.1875852245852,91.1411150556781,94.481528939309,93.425133351219
47.6904761904762,92.1877226197555,91.1412923748218,94.4816630626932,93.4253069504342
47.6964285714286,92.1878651147591,91.1414760769045,94.481803287341,93.4254870617385
47.7023809523809,92.188012709596,91.1416661619262,94.4819497967717,93.4256750875865
47.7083333333333,92.1881654042661,91.1418626298868,94.4821012324553,93.425871254651
47.7142857142857,92.1883231987696,91.1420654807864,94.4822575943918,93.426073531094
47.7202380952381,92.1884860931063,91.1422755965014,94.4824188825812,93.4262819169154
47.7261904761905,92.1886557781067,91.1424945369496,94.4825850970235,93.4264964121153
47.7321428571429,92.1888307918219,91.1427195203958,94.4827562377188,93.4267170166937
47.7380952380952,92.1890106043148,91.1429505468397,94.4829333651579,93.4269437306506
47.7440476190476,92.1891952155854,91.1431876162815,94.4831161316683,93.4271782577762
47.75,92.1893846256337,91.1434307287211,94.4833035315383,93.4274201047365
47.7559523809524,92.1895788344598,91.1436798841585,94.4834955647678,93.4276676979422
47.7619047619048,92.1897778420635,91.1439363090091,94.4836922313569,93.4279210373935
47.7678571428571,92.189983413288,91.1442007302907,94.4838935313056,93.4281801230904
47.7738095238095,92.1901937812812,91.1444708527183,94.4840994646139,93.4284449550328
47.7797619047619,92.1904086990073,91.1447466762919,94.4843112426067,93.4287155332207
47.7857142857143,92.1906281664663,91.1450282010115,94.4845281122655,93.4289938189764
47.7916666666667,92.1908521836583,91.1453154268772,94.484749354269,93.4292786815838
47.7976190476191,92.1910807505832,91.1456083538888,94.4849749686173,93.4295689619921
47.8035714285714,92.191313867241,91.1459084512311,94.4852049553104,93.4298646602012
47.8095238095238,92.1915533788014,91.1462157108405,94.4854393143483,93.4301657762111
47.8154761904762,92.1917972122345,91.1465283877919,94.485678045731,93.4304723100219
47.8214285714286,92.1920453536417,91.1468464820853,94.4859225045614,93.4307842616335
47.8273809523809,92.1922978030228,91.1471699937208,94.486171570656,93.4311036028906
47.8333333333333,92.192554560378,91.1474989226983,94.4864247656785,93.4314288163408
47.8392857142857,92.1928156257072,91.1478332690179,94.4866820896289,93.4317592112275
47.8452380952381,92.1930811859425,91.1481746651897,94.4869435425071,93.4320947875508
47.8511904761905,92.1933526031535,91.148522481426,94.4872091243131,93.4324355453106
47.8571428571429,92.1936281073645,91.1488754538932,94.487478835047,93.432781484507
47.8630952380952,92.1939076985756,91.1492335825913,94.4877541540267,93.4331326051398
47.8690476190476,92.1941913767867,91.1495968675202,94.4880336429493,93.4334911035537
47.875,92.1944791419979,91.1499653086799,94.488317041267,93.4338548677228
47.8809523809524,92.1947709942092,91.1503389060705,94.4886043489798,93.4342235068182
47.8869047619048,92.1950673135643,91.1507195640719,94.4888955660876,93.4345970208399
47.8928571428571,92.1953690348137,91.151106008977,94.4891906925905,93.434975409788
47.8988095238095,92.1956746215759,91.151497311355,94.4894897284885,93.4353586736624
47.9047619047619,92.1959840738511,91.151893471206,94.489794228823,93.4357468124632
47.9107142857143,92.1962973916393,91.1522944885299,94.4901025095399,93.4361421676104
47.9166666666667,92.1966145749404,91.1527003633267,94.4904145080677,93.4365422420262
47.9226190476191,92.1969356237544,91.1531110955964,94.4907302244065,93.4369469358148
47.9285714285714,92.1972610883501,91.1535286800557,94.4910496585561,93.4373562489763
47.9345238095238,92.197591487322,91.1539514380148,94.4913728105167,93.4377701815106
47.9404761904762,92.1979255607159,91.1543788346326,94.4916997929272,93.4381887334176
47.9464285714286,92.1982633085316,91.1548108699089,94.4920319020383,93.4386120727211
47.9523809523809,92.1986047307692,91.1552475438439,94.4923675449439,93.4390421750468
47.9583333333333,92.1989498274286,91.1556888564374,94.4927067216439,93.4394766516741
47.9642857142857,92.19929859851,91.1561348076896,94.4930494321383,93.439915502603
47.9702380952381,92.199651474307,91.1565870155703,94.4933956764272,93.4403587278335
47.9761904761905,92.2000085669963,91.1570439033427,94.4937454545104,93.4408063273657
47.9821428571429,92.2003692753305,91.1575052930285,94.4940988233464,93.4412583011995
47.9880952380952,92.2007335993096,91.1579711846278,94.4944560386938,93.4417145240899
47.9940476190476,92.2011015389337,91.1584415781405,94.494816871865,93.4421748529252
48,92.2014730942027,91.1589164735667,94.49518132286,93.4426400901541
48,92.2014730942027,91.1589164735667,94.49518132286,93.4426400901541
48.0059523809524,92.2017921499205,91.1593203362308,94.4954944183697,93.4430362157696
48.0119047619048,92.2020089581505,91.159584066753,94.4957082015912,93.4432987053133
48.0178571428571,92.2021333859456,91.1597323022316,94.4958306068079,93.4434392359105
48.0238095238095,92.2021744493395,91.1597637066413,94.4958657821126,93.4434769069865
48.0297619047619,92.2021354661734,91.159703315445,94.4958338086414,93.4434099407658
48.0357142857143,92.20203593621,91.1595542482533,94.4957365957466,93.4432639786983
48.0416666666667,92.2018758594491,91.1593225871191,94.4955713262258,93.443042030624
48.0476190476191,92.2016530383513,91.1590286698675,94.4953562740892,93.4427425786621
48.0535714285714,92.2013871601838,91.1586712405603,94.4950961156241,93.4423898698394
48.0595238095238,92.2010803256979,91.1582547327468,94.4947899648277,93.4419852885267
48.0654761904762,92.2007308829549,91.1577975855906,94.4944393378047,93.4415258613495
48.0714285714286,92.2003433506011,91.157299799092,94.4940606999245,93.4410278486023
48.0773809523809,92.1999313548704,91.156758418157,94.4936540511869,93.4404977746115
48.0833333333333,92.199494895763,91.1561896437,94.4932193915921,93.4399356393773
48.0892857142857,92.1990339732788,91.1555980078737,94.4927540850279,93.4393388596651
48.0952380952381,92.198553794458,91.1549835106781,94.4922740126353,93.4387244125818
48.1011904761905,92.1980599485172,91.154343531717,94.4917799379162,93.4380939509794
48.1071428571429,92.1975524140293,91.1536905383012,94.4912718608706,93.4374474748578
48.1130952380952,92.1970311909945,91.1530285634187,94.4907497814984,93.4367829544713
48.1190476190476,92.1964962794127,91.1523576070695,94.4902151932259,93.4361084196554
48.125,92.195948100897,91.1516776692538,94.4896759752538,93.4354299587322
48.1309523809524,92.1953971116209,91.1509879308408,94.4891321969635,93.4347475717015
48.1369047619048,92.1948439420389,91.1502981561416,94.4885838583548,93.4340612585635
48.1428571428571,92.1942885921509,91.1496091955563,94.4880309594279,93.4333704765306
48.1488095238095,92.1937310619571,91.1489210490851,94.4874732769286,93.4326782554467
48.1547619047619,92.193171082207,91.1482337167279,94.4869143769349,93.4319903263731
48.1607142857143,92.1926144512534,91.1475471558462,94.486358131086,93.4313066893096
48.1666666666667,92.1920618698748,91.1468651099523,94.4858045393819,93.4306273442562
48.1726190476191,92.1915133380711,91.14619005174,94.4852536018227,93.4299522912131
48.1785714285714,92.1909688558423,91.1455219812094,94.4847055369378,93.4292815426257
48.1845238095238,92.1904284231885,91.1448608983604,94.484163193578,93.4286186327812
48.1904761904762,92.1898920729947,91.1442068031932,94.4836273731927,93.4279645110135
48.1964285714286,92.189362591899,91.1435596957076,94.4830980757818,93.4273191773228
48.2023809523809,92.1888406721248,91.1429188970397,94.4825753013453,93.4266826317089
48.2083333333333,92.1883263136721,91.1422870126487,94.4820590498833,93.426054874172
48.2142857142857,92.187819516541,91.141666012942,94.4815493213958,93.4254359047119
48.2202380952381,92.1873202807313,91.1410558979198,94.4810481908472,93.4248253428429
48.2261904761905,92.1868286062432,91.1404571261396,94.480556331332,93.424223599873
48.2321428571429,92.1863446969033,91.1398704491574,94.4800731814535,93.4236338789012
48.2380952380952,92.1858705040112,91.1392949995677,94.4795987412116,93.4230561799274
48.2440476190476,92.1854055794857,91.1387307773706,94.4791330106064,93.4224907512661
48.25,92.1849499233267,91.1381787370462,94.4786759896379,93.4219384751273
48.2559523809524,92.1845035355343,91.1376418188186,94.478227678306,93.4213980189534
48.2619047619048,92.1840655467926,91.1371161921307,94.4777911826693,93.4208693827442
48.2678571428571,92.1836371261286,91.1366018569826,94.4773648099692,93.420353383046
48.2738095238095,92.1832191082266,91.1360988133742,94.4769479499861,93.4198532370714
48.2797619047619,92.1828117289766,91.1356070613057,94.47654060272,93.4193645871679
48.2857142857143,92.1824143986206,91.1351266007769,94.4761427681709,93.4188874333358
48.2916666666667,92.1820288059387,91.1346603547509,94.4757544463389,93.418421775575
48.2976190476191,92.1816545904895,91.1342083256533,94.4753756372238,93.4179676138854
48.3035714285714,92.1812898523125,91.1337675702627,94.4750100700639,93.4175249482671
48.3095238095238,92.1809345914077,91.1333380885791,94.4746543095952,93.4170964677043
48.3154761904762,92.1805888077751,91.1329198806026,94.4743080684949,93.4166823670818
48.3214285714286,92.1802525014147,91.132512946333,94.473971346763,93.41627951809
48.3273809523809,92.1799256723265,91.1321172857705,94.4736441443995,93.4158879207287
48.3333333333333,92.1796118774006,91.1317365265541,94.4733264614044,93.4155075749981
48.3392857142857,92.1793076674375,91.1313689798061,94.473018446375,93.4151384808981
48.3452380952381,92.1790126055935,91.1310123382201,94.4727236164796,93.4147806384287
48.3511904761905,92.1787266918687,91.130666601796,94.4724379568167,93.414437359224
48.3571428571429,92.1784499262631,91.1303317705338,94.4721614673864,93.4141072344333
48.3630952380952,92.1781823087766,91.1300078444336,94.4718941481886,93.4137878675538
48.3690476190476,92.1779239290276,91.1296948234953,94.4716359992233,93.4134792585856
48.375,92.177678369042,91.1293968522693,94.4713870204906,93.4131814075286
48.3809523809524,92.1774414798636,91.1291108240904,94.4711477763307,93.4128943143828
48.3869047619048,92.1772132614924,91.1288351245214,94.4709206816939,93.4126179791482
48.3928571428571,92.1769937139284,91.1285697535623,94.4707021973143,93.4123561789545
48.3988095238095,92.1767828371717,91.1283147112131,94.470492323192,93.4121061948359
48.4047619047619,92.1765806312221,91.1280699974738,94.4702910593269,93.411866310385
48.4107142857143,92.1763876008341,91.1278356123445,94.470098405719,93.4116365256018
48.4166666666667,92.1762062077966,91.1276102465052,94.4699143623683,93.4114168404864
48.4226190476191,92.1760329247063,91.1273960951281,94.4697398569256,93.4112072550386
48.4285714285714,92.1758677515633,91.1271935031297,94.4695762979499,93.4110077692586
48.4345238095238,92.1757106883676,91.1270027994027,94.4694207343073,93.4108223575613
48.4404761904762,92.1755617351191,91.1268235949353,94.4692731659979,93.4106474025303
48.4464285714286,92.1754208918179,91.1266545956702,94.4691335930217,93.4104819159502
48.4523809523809,92.1752889893034,91.1264958016072,94.4690020153787,93.4103258978209
48.4583333333333,92.1751674632428,91.1263504136779,94.4688784330688,93.4101793481426
48.4642857142857,92.1750534891432,91.1262153764453,94.4687640580669,93.4100422669152
48.4702380952381,92.1749470670044,91.1260893839902,94.4686593969839,93.4099146541386
48.4761904761905,92.1748481968264,91.1259724363125,94.4685621400017,93.4098007756424
48.4821428571429,92.1747568786093,91.1258645334123,94.4684722871201,93.4096961020104
48.4880952380952,92.1746731123531,91.1257656752895,94.4683898383393,93.4096002351555
48.4940476190476,92.1745980484049,91.1256762198426,94.4683147936591,93.4095131750778
48.5,92.1745322875531,91.1255999511056,94.4682471530797,93.4094349217772
48.5059523809524,92.1744735133617,91.1255321397261,94.4681883988878,93.4093654752538
48.5119047619048,92.1744217258307,91.1254727857042,94.4681382807031,93.4093049715867
48.5178571428571,92.17437692496,91.1254218890399,94.4680949945385,93.4092574109171
48.5238095238095,92.1743391107497,91.1253794497331,94.468058540394,93.4092180663925
48.5297619047619,92.1743082831998,91.1253454677839,94.4680289182695,93.409186938013
48.5357142857143,92.1742858589719,91.1253208724711,94.4680061281651,93.4091640257785
48.5416666666667,92.1742717155161,91.125308146177,94.4679901700807,93.4091493296891
48.5476190476191,92.1742640575294,91.1253033331479,94.4679802313673,93.4091428497447
48.5535714285714,92.1742628850118,91.1253064333837,94.4679769385302,93.409144339548
48.5595238095238,92.1742681979633,91.1253174468845,94.4679809759765,93.4091530279484
48.5654761904762,92.1742799963838,91.1253363736502,94.4679924624986,93.4091707796416
48.5714285714286,92.1742982802735,91.1253632136809,94.4680112974962,93.4091975946277
48.5773809523809,92.1743245705769,91.125399308246,94.4680367395996,93.4092338705669
48.5833333333333,92.1743581790368,91.1254460025903,94.4680687888089,93.4092784298894
48.5892857142857,92.1743978678814,91.1255001446338,94.4681086898222,93.4093310957551
48.5952380952381,92.1744436371107,91.1255617343764,94.4681549745871,93.4093935397499
48.6011904761905,92.1744954867248,91.1256307718183,94.4682073460118,93.4094651314212
48.6071428571429,92.1745534167235,91.1257072569593,94.4682658040966,93.4095439171778
48.6130952380952,92.1746174271069,91.1257911897995,94.4683303488412,93.4096298970197
48.6190476190476,92.1746866718611,91.1258842148128,94.4684006718298,93.4097230709468
48.625,92.1747619934652,91.1259866803711,94.4684767514404,93.4098234389592
48.6309523809524,92.174843874882,91.126096181383,94.4685592048628,93.4099310010569
48.6369047619048,92.1749324695651,91.1262127178483,94.4686477603003,93.410048711267
48.6428571428571,92.175027530144,91.1263362897672,94.4687437363218,93.4101737311351
48.6488095238095,92.1751285028131,91.1264668971395,94.4688456468203,93.4103054761898
48.6547619047619,92.1752353875722,91.1266045399654,94.4689529402918,93.4104439464311
48.6607142857143,92.1753502053134,91.126748499442,94.4690656167363,93.410589141859
48.6666666666667,92.1754704311458,91.1268995030084,94.4691836761538,93.4107410624736
48.6726190476191,92.1755959580462,91.127058391983,94.4693071185444,93.4108997082748
48.6785714285714,92.1757267860149,91.1272253659794,94.4694356849944,93.4110682687754
48.6845238095238,92.1758629150516,91.1274001054025,94.4695688638345,93.4112432889433
48.6904761904762,92.1760043451565,91.1275819099453,94.4697078151111,93.4114246464624
48.6964285714286,92.1761517947614,91.1277711460066,94.4698525388241,93.4116123413327
48.7023809523809,92.1763059648314,91.1279698590006,94.4700021369145,93.4118063735542
48.7083333333333,92.1764651152682,91.1281748414429,94.4701573307368,93.412006743127
48.7142857142857,92.1766292460719,91.1283860933336,94.4703182351455,93.4122133749827
48.7202380952381,92.1767983572425,91.1286036146725,94.4704846134287,93.4124258245031
48.7261904761905,92.17697244878,91.1288274054599,94.4706561926908,93.4126453554977
48.7321428571429,92.1771515206844,91.1290574656955,94.4708343001013,93.412872091321
48.7380952380952,92.1773352421981,91.1292953800082,94.4710175905458,93.4131055054055
48.7440476190476,92.1775238563841,91.1295410303529,94.4712055548038,93.4133458617788
48.75,92.1777179312906,91.1297925684369,94.4713981928753,93.4135946948786
48.7559523809524,92.1779175596121,91.1300499942603,94.4715955047604,93.4138492533416
48.7619047619048,92.1781222677711,91.130313307823,94.471797490459,93.4141095371676
48.7678571428571,92.1783317458132,91.1305825091251,94.4720044569312,93.4143755463569
48.7738095238095,92.1785454372316,91.1308575981665,94.472217649518,93.4146472809092
48.7797619047619,92.1787643061884,91.1311404429654,94.4724352385231,93.4149247408247
48.7857142857143,92.1789883628366,91.1314301767201,94.4726572239463,93.4152095506421
48.7916666666667,92.1792177567376,91.131725506039,94.4728836057878,93.4155010798335
48.7976190476191,92.1794518941507,91.1320264309221,94.4731143840474,93.4157980214196
48.8035714285714,92.1796907750761,91.1323329513695,94.4733495587253,93.4161003754007
48.8095238095238,92.1799357499903,91.1326450673812,94.4735894265228,93.4164081417765
48.8154761904762,92.180185330576,91.1329627789571,94.4738344135469,93.4167213205472
48.8214285714286,92.1804392099567,91.1332882580048,94.4740837446006,93.4170399117127
48.8273809523809,92.1806973881324,91.1336199508063,94.4743374196842,93.4173658382406
48.8333333333333,92.1809598651031,91.1339569138352,94.4745954387975,93.417697762632
48.8392857142857,92.1812266408689,91.1342991470917,94.4748580666573,93.4180348093287
48.8452380952381,92.1814979173975,91.1346466505757,94.4751255533414,93.4183769783306
48.8511904761905,92.1817742908385,91.1349994242872,94.4753971761925,93.4187242696377
48.8571428571429,92.1820549009861,91.1353574682261,94.4756729352107,93.4190766832501
48.8630952380952,92.1823397478405,91.1357231893707,94.4759528303959,93.4194342191678
48.8690476190476,92.1826288314014,91.1360944718843,94.4762373567205,93.4197990805306
48.875,92.1829219677772,91.1364707467539,94.4765269889531,93.4201693226413
48.8809523809524,92.1832187849896,91.1368520139796,94.4768204530265,93.4205443942753
48.8869047619048,92.1835200668866,91.1372382735615,94.4771177489409,93.4209242954325
48.8928571428571,92.1838258996394,91.1376295254993,94.4774188766961,93.421309026113
48.8988095238095,92.1841360936182,91.1380257697932,94.4777238362922,93.4216985863167
48.9047619047619,92.1844504192648,91.1384294707975,94.4780326277292,93.4220929760437
48.9107142857143,92.1847684950597,91.1388381507127,94.478346130161,93.4224945439796
48.9166666666667,92.1850905726434,91.1392515954716,94.478664073563,93.422900920059
48.9226190476191,92.1854169818799,91.1396698050744,94.4789856679604,93.4233118859018
48.9285714285714,92.1857476503117,91.140092779521,94.4793109133533,93.4237274415079
48.9345238095238,92.1860823254722,91.1405205188114,94.4796398097418,93.4241475868773
48.9404761904762,92.1864221071306,91.1409531028317,94.4799723571257,93.42457232201
48.9464285714286,92.1867658741941,91.1413928279783,94.4803085555052,93.4250016728321
48.9523809523809,92.1871132565568,91.1418370806303,94.4806480516231,93.4254365913065
48.9583333333333,92.1874642542189,91.1422858607876,94.4809913059995,93.4258762024585
48.9642857142857,92.1878188671802,91.1427391684504,94.481338605276,93.4263205062883
48.9702380952381,92.1881770954408,91.1431970036185,94.481689821568,93.4267695027958
48.9761904761905,92.188539049683,91.143659366292,94.4820447750334,93.4272237903234
48.9821428571429,92.1889051147469,91.1441261542078,94.4824038592323,93.4276827614767
48.9880952380952,92.1892748205217,91.144597174616,94.4827665226195,93.4281461997311
48.9940476190476,92.1896481670073,91.1450732980455,94.4831327535597,93.4286141050866
49,92.1900251542038,91.1455543175219,94.4835025520528,93.4290865016799
49,92.1900251542038,91.1455543175219,94.4835025520528,93.4290865016799
49.0059523809524,92.1903485988582,91.1459645791631,94.4838208148586,93.4294895785769
49.0119047619048,92.1905719884098,91.1462378791696,94.4840399091645,93.4297553002784
49.0178571428571,92.1906993739463,91.146389170358,94.4841685119807,93.4299079492637
49.0238095238095,92.1907459150357,91.1464248400511,94.4842105546389,93.4299456774613
49.0297619047619,92.19072088113,91.146370494861,94.484183120201,93.4298924198635
49.0357142857143,92.1906214278426,91.1462287214947,94.4840919448802,93.4297536557573
49.0416666666667,92.1904633215344,91.1460109668004,94.4839341682347,93.4295297008993
49.0476190476191,92.1902545215077,91.145719707635,94.4837231574407,93.4292450944739
49.0535714285714,92.1899937388877,91.1453664873501,94.4834683119025,93.4288998364813
49.0595238095238,92.1896845183447,91.144955025223,94.4831696316201,93.4284922225701
49.0654761904762,92.1893426489306,91.1444976380581,94.4828241637203,93.4280442077035
49.0714285714286,92.1889681306454,91.144004380032,94.4824495866263,93.4275569106128
49.0773809523809,92.1885592454761,91.143475251145,94.4820481800235,93.427031680996
49.0833333333333,92.1881206048208,91.142907572625,94.4816199439121,93.4264791189496
49.0892857142857,92.1876642086284,91.1423173594039,94.481161972056,93.4259012513586
49.0952380952381,92.187190056899,91.1417080986862,94.4806856091353,93.425298078223
49.1011904761905,92.1866981496326,91.1410797904719,94.4801960970045,93.4246688563932
49.1071428571429,92.1861859513096,91.1404333877718,94.4796934356637,93.4240208463538
49.1130952380952,92.1856637789662,91.13977718577,94.4791776251128,93.4233631792907
49.1190476190476,92.1851353661824,91.1391128300721,94.4786465565479,93.422695855204
49.125,92.1846007129583,91.1384403206779,94.4781091088319,93.4220172355288
49.1309523809524,92.1840598192938,91.1377596575876,94.4775687266332,93.4213332566115
49.1369047619048,92.1835120073676,91.137071177395,94.4770254099518,93.4206493889228
49.1428571428571,92.1829595220419,91.1363824362666,94.4764791587878,93.4199656324627
49.1488095238095,92.1824087842765,91.1356952079179,94.4759299731412,93.4192819872313
49.1547619047619,92.1818597940716,91.1350094923489,94.4753782594023,93.4185984532285
49.1607142857143,92.181312551427,91.1343256808042,94.4748288028004,93.4179156385609
49.1666666666667,92.1807670563429,91.1336471762444,94.4742821934786,93.4172388067475
49.1726190476191,92.1802233088191,91.1329745849889,94.473738431437,93.4165686562268
49.1785714285714,92.1796811225004,91.1323079070376,94.4731971336677,93.415905186999
49.1845238095238,92.1791444457504,91.1316486965897,94.4726592572347,93.4152483990639
49.1904761904762,92.1786137511868,91.1309988706047,94.4721277632689,93.4145982924217
49.1964285714286,92.1780890388098,91.1303581238122,94.4716026517702,93.4139548355296
49.2023809523809,92.1775707931139,91.1297264562122,94.4710839227388,93.413317742681
49.2083333333333,92.1770603243106,91.1291038678047,94.4705708090537,93.412691329315
49.2142857142857,92.1765576359049,91.1284903585897,94.470065421265,93.4120755954314
49.2202380952381,92.1760627278967,91.1278859285672,94.4695685495847,93.4114705410304
49.2261904761905,92.1755750958826,91.1272954703751,94.4690801940129,93.4108776554653
49.2321428571429,92.1750951671438,91.1267161434249,94.468601038347,93.4102959885086
49.2380952380952,92.174624834585,91.1261477180629,94.4681310655336,93.4097255342695
49.2440476190476,92.1741640982063,91.1255901942892,94.4676701932392,93.4091662927478
49.25,92.1737132988335,91.1250435721038,94.4672192591095,93.4086167201664
49.2559523809524,92.1732727073312,91.1245078515067,94.4667799523964,93.4080799360189
49.2619047619048,92.1728416969623,91.1239834282859,94.4663499954509,93.4075559950672
49.2678571428571,92.1724202677267,91.1234755082102,94.4659293882731,93.4070451349939
49.2738095238095,92.1720098818002,91.1229789717595,94.465518130863,93.4065479395219
49.2797619047619,92.1716110030956,91.1224938189337,94.4651162232205,93.4060628412856
49.2857142857143,92.1712215742351,91.1220200497329,94.4647236653456,93.405589840285
49.2916666666667,92.1708415952186,91.121557664157,94.4643428096316,93.4051295208772
49.2976190476191,92.1704710660461,91.121106662206,94.4639730384812,93.4046824305134
49.3035714285714,92.1701099867177,91.1206681224643,94.463612794736,93.404247445454
49.3095238095238,92.1697583572333,91.120245845382,94.4632620783959,93.4038245656992
49.3154761904762,92.16941908895,91.1198348120775,94.4629208894609,93.4034126148046
49.3214285714286,92.169090224862,91.1194350225508,94.462589227931,93.4030122991811
49.3273809523809,92.1687706660955,91.1190464768019,94.4622670938063,93.4026248866249
49.3333333333333,92.1684604126503,91.1186691748309,94.4619572699436,93.4022503771361
49.3392857142857,92.1681594645266,91.1183031166377,94.4616578248497,93.4018892854579
49.3452380952381,92.1678678217243,91.1179500158914,94.4613676475039,93.4015403057048
49.3511904761905,92.1675854842433,91.117612066856,94.4610867379061,93.4012030435211
49.3571428571429,92.1673157939009,91.1172848734032,94.4608150960564,93.4008799000387
49.3630952380952,92.1670555888564,91.1169684355328,94.4605527219546,93.4005701013241
49.3690476190476,92.1668042637082,91.116662753245,94.460299615601,93.400270850592
49.375,92.1665618184565,91.1163678265396,94.4600588625091,93.3999821478424
49.3809523809524,92.1663282531011,91.1160836554168,94.4598275312427,93.3997039930753
49.3869047619048,92.1661035676422,91.1158125058527,94.4596049340439,93.3994363862908
49.3928571428571,92.1658877620796,91.1155551101262,94.4593910709127,93.3991793274889
49.3988095238095,92.1656799843049,91.1153078548469,94.4591859418492,93.3989372128072
49.4047619047619,92.1654818456309,91.1150707400148,94.4589895468532,93.3987058391734
49.4107142857143,92.1652926743394,91.11484376563,94.4588018859249,93.3984843799739
49.4166666666667,92.1651129256845,91.1146269316923,94.4586262024092,93.3982728352087
49.4226190476191,92.1649429178132,91.1144202382018,94.4584588970381,93.3980712048778
49.4285714285714,92.1647817098295,91.1142263776225,94.4582997334889,93.3978794889811
49.4345238095238,92.1646292469839,91.1140447625944,94.4581487117613,93.3976976875188
49.4404761904762,92.1644865129614,91.1138726756234,94.4580058318556,93.397530511537
49.4464285714286,92.1643519596495,91.1137101167095,94.4578710937716,93.3973727738115
49.4523809523809,92.1642255870484,91.1135570858528,94.4577446519436,93.3972243453727
49.4583333333333,92.1641073951579,91.1134135830531,94.4576293616617,93.3970852262204
49.4642857142857,92.1639998046497,91.1132796083106,94.4575216109716,93.3969554163548
49.4702380952381,92.1639002518748,91.1131561340342,94.4574213998735,93.3968349157758
49.4761904761905,92.1638080692252,91.1130428984507,94.4573287283672,93.3967241383585
49.4821428571429,92.1637232567008,91.1129393989613,94.4572435964528,93.3966267239161
49.4880952380952,92.1636458143018,91.1128456521855,94.4571660041303,93.3965380168082
49.4940476190476,92.163575742028,91.1127626761978,94.4570964430001,93.3964580170349
49.5,92.1635133498872,91.1126889729062,94.4570368411258,93.3963867245961
49.5059523809524,92.1634609655193,91.1126245423108,94.4569842015387,93.3963241394919
49.5119047619048,92.1634154351274,91.1125687005616,94.4569385242389,93.3962702617223
49.5178571428571,92.1633767587114,91.1125213153471,94.4568998092263,93.3962259568579
49.5238095238095,92.1633449362713,91.1124836172715,94.4568680565009,93.3961935649142
49.5297619047619,92.1633199678072,91.1124556063347,94.4568432660627,93.3961693121067
49.5357142857143,92.1633018533191,91.112435393812,94.4568262043735,93.3961531984353
49.5416666666667,92.1632902688935,91.1124244332075,94.4568179894369,93.3961452239
49.5476190476191,92.1632846988721,91.1124228185043,94.4568162285932,93.3961453885009
49.5535714285714,92.163286524173,91.1124308024704,94.4568209218424,93.3961536922378
49.5595238095238,92.163295744796,91.1124476853476,94.4568320691844,93.3961714102633
49.5654761904762,92.1633126729555,91.1124730079253,94.4568496706193,93.3961997919289
49.5714285714286,92.1633364305085,91.1125090012903,94.4568737261471,93.3962357714886
49.5773809523809,92.1633668258138,91.1125540190444,94.4569052234471,93.3962793489425
49.5833333333333,92.1634046145103,91.1126065149394,94.4569445757088,93.3963305242905
49.5892857142857,92.1634503749172,91.1126664889752,94.4569899259622,93.3963892975327
49.5952380952381,92.1635020909328,91.1127339411519,94.4570412742074,93.3964556686689
49.6011904761905,92.1635597625572,91.1128088714695,94.4570986204443,93.3965312486683
49.6071428571429,92.1636233897904,91.1128912868215,94.4571619646729,93.3966163281852
49.6130952380952,92.1636929726324,91.1129849558877,94.4572313068932,93.3967085260554
49.6190476190476,92.1637685110832,91.1130856684491,94.4573073349296,93.396807842279
49.625,92.1638509743399,91.1131934245057,94.4573899843518,93.3969142768558
49.6309523809524,92.1639398028951,91.1133082240574,94.4574784519508,93.3970278297859
49.6369047619048,92.1640344262337,91.1134300671042,94.4575727377266,93.3971485010693
49.6428571428571,92.1641348443556,91.1135589536463,94.4576728416792,93.3972782218511
49.6488095238095,92.164241057261,91.1136953584625,94.4577791551483,93.3974164313568
49.6547619047619,92.1643536283368,91.1138418757889,94.4578918647629,93.39756131234
49.6607142857143,92.1644725048098,91.1139950685907,94.4580100661663,93.3977128648007
49.6666666666667,92.1645968575762,91.1141549368677,94.4581337593586,93.3978710887389
49.6726190476191,92.1647266866362,91.1143214806202,94.4582629443396,93.3980359841546
49.6785714285714,92.1648619919895,91.114494699848,94.4583980321505,93.3982075510478
49.6845238095238,92.165003272686,91.1146745945511,94.4585401542509,93.3983879784691
49.6904761904762,92.1651514937117,91.1148620142991,94.4586872818799,93.3985759878826
49.6964285714286,92.1653047557403,91.1150586777345,94.4588394150376,93.3987702704262
49.7023809523809,92.1654630587716,91.1152616274584,94.4589965537238,93.3989708260999
49.7083333333333,92.1656264028058,91.1154708634708,94.4591586979387,93.3991776549036
49.7142857142857,92.1657947878428,91.1156863857717,94.4593258476822,93.3993907568374
49.7202380952381,92.1659682138826,91.1159081943611,94.4594989098837,93.3996101319013
49.7261904761905,92.1661476705489,91.116136289239,94.4596780638857,93.3998369136337
49.7321428571429,92.1663331915479,91.1163718328161,94.4598619180425,93.400070369797
49.7380952380952,92.1665234649331,91.1166156879289,94.460050472354,93.400310117418
49.7440476190476,92.1667184907046,91.1168654998868,94.4602437268203,93.4005561564968
49.75,92.1669182688623,91.1171212686897,94.4604416814412,93.4008087111778
49.7559523809524,92.1671227994063,91.1173829943375,94.4606443362169,93.4010684250213
49.7619047619048,92.1673320823364,91.1176506768304,94.4608527479593,93.4013341295353
49.7678571428571,92.1675457237123,91.1179243161682,94.4610666173743,93.4016058247199
49.7738095238095,92.1677641781882,91.1182035444239,94.4612849408489,93.401883510575
49.7797619047619,92.1679878553473,91.1184888302826,94.461507718383,93.4021666939689
49.7857142857143,92.1682158818975,91.1187808291385,94.4617349499768,93.4024558775422
49.7916666666667,92.1684490083163,91.1190796247841,94.4619666356301,93.4027515226963
49.7976190476191,92.1686873123857,91.1193845716633,94.4622027753431,93.4030534502613
49.8035714285714,92.1689305595253,91.1196971435045,94.4624446168376,93.4033612747073
49.8095238095238,92.1691785424755,91.1200164779972,94.4626914202647,93.4036770541681
49.8154761904762,92.1694327580859,91.1203412301968,94.4629424160329,93.4039983972856
49.8214285714286,92.1696913065489,91.1206714001034,94.4631976041422,93.4043249667462
49.8273809523809,92.1699541273869,91.121006987717,94.4634569845926,93.4046567625498
49.8333333333333,92.1702212205998,91.1213479930376,94.463720557384,93.4049937846965
49.8392857142857,92.1704925861876,91.1216944160651,94.4639883225165,93.4053360331862
49.8452380952381,92.1707682241504,91.122047507997,94.4642615813842,93.4056843029255
49.8511904761905,92.1710488348224,91.1224061092909,94.4645393145579,93.4060395733392
49.8571428571429,92.171334701999,91.1227701788179,94.464821045902,93.4063997825513
49.8630952380952,92.1716246021909,91.1231397165779,94.4651067754167,93.4067649305616
49.8690476190476,92.171918535398,91.1235142090569,94.4653965031018,93.4071350173701
49.875,92.1722165016205,91.123894003731,94.4656902289574,93.4075100429768
49.8809523809524,92.1725185008582,91.1242795958918,94.4659879529834,93.4078900073818
49.8869047619048,92.1728245331113,91.1246711058539,94.4662889611357,93.4082759866661
49.8928571428571,92.1731355540684,91.1250679646356,94.4665941706597,93.4086682423215
49.8988095238095,92.1734513614183,91.125471052858,94.4669037317226,93.4090652082898
49.9047619047619,92.1737709818665,91.125880449395,94.4672176443242,93.4094668845711
49.9107142857143,92.1740944154129,91.1262945970526,94.4675362023806,93.4098732711655
49.9166666666667,92.1744216620575,91.1267134958307,94.4678588306869,93.4102843680728
49.9226190476191,92.1747527218004,91.1271371457295,94.4681853315718,93.4107001752931
49.9285714285714,92.1750875946416,91.1275655467488,94.4685157050355,93.4111203648768
49.9345238095238,92.1754259336475,91.1279986988887,94.468850767328,93.4115454172069
49.9404761904762,92.1757682130296,91.1284387280402,94.4691901231924,93.411975819515
49.9464285714286,92.1761147612361,91.1288837718106,94.4695330268685,93.4124113602778
49.9523809523809,92.1764654751487,91.1293332655253,94.4698794783564,93.4128521577632
49.9583333333333,92.1768201177018,91.1297872091845,94.470229477656,93.4132993189996
49.9642857142857,92.1771779847973,91.1302456027882,94.4705830247673,93.4137508236378
49.9702380952381,92.1775397955763,91.1307084463362,94.4709401196903,93.4142066716777
49.9761904761905,92.1779056815936,91.1311757398287,94.471300221156,93.4146668631193
49.9821428571429,92.178275642849,91.1316482845284,94.4716640824478,93.4151313979627
49.9880952380952,92.1786497642249,91.1321255127576,94.4720318290756,93.4156002762077
49.9940476190476,92.1790276457403,91.1326073703567,94.4724034643564,93.4160736141946
50,92.1794092355227,91.1330938573257,94.4727788570847,93.4165515992132
50,92.1794092355227,91.1330938573257,94.4727788570847,93.4165515992132
50.0059523809524,92.1797383481476,91.133508975377,94.4731027321244,93.4169602865296
50.0119047619048,92.1799614360066,91.1337861810987,94.4733266026707,93.4172316186589
50.0178571428571,92.1800993695872,91.1339423787185,94.4734568553128,93.4173899094681
50.0238095238095,92.1801530669156,91.1339864658012,94.473511828723,93.417433303068
50.0297619047619,92.1801299962968,91.1339384041145,94.4734901088292,93.417385700268
50.0357142857143,92.1800327057388,91.1337955436983,94.4733974969222,93.4172526459203
50.0416666666667,92.1798809762611,91.1335793634846,94.4732507331507,93.4170344535016
50.0476190476191,92.1796774789765,91.1332967894686,94.4730498175147,93.4167555363189
50.0535714285714,92.1794199679717,91.1329449699899,94.4728008487147,93.4164158943722
50.0595238095238,92.1791168416276,91.1325440094574,94.4725091252735,93.4160139852239
50.0654761904762,92.1787803508015,91.1320989505774,94.4721740981181,93.4155717740414
50.0714285714286,92.1784104954933,91.1316074805584,94.4718050021547,93.4150901565907
50.0773809523809,92.1780046228527,91.1310782544696,94.4714059389161,93.414566474472
50.0833333333333,92.1775720609786,91.1305233658692,94.4709828978165,93.4140110419598
50.0892857142857,92.1771211428355,91.1299428147571,94.4705383209172,93.4134337684648
50.0952380952381,92.1766518684235,91.1293342225037,94.4700722082184,93.412834653987
50.1011904761905,92.1761642377424,91.1287062370778,94.4695847163806,93.4122120855602
50.1071428571429,92.1756558794268,91.1280671342994,94.4690831246962,93.4115709985524
50.1130952380952,92.1751395027768,91.1274169141687,94.4685705515768,93.4109217268905
50.1190476190476,92.1746164322317,91.1267555766857,94.4680469970224,93.4102642705746
50.125,92.1740866677914,91.1260840691672,94.4675136192343,93.4095986296047
50.1309523809524,92.173550209456,91.1254099457897,94.4669759371494,93.4089236101596
50.1369047619048,92.1730058174395,91.1247339939954,94.4664345673239,93.4082444467989
50.1428571428571,92.1724589954724,91.1240562137844,94.4658895097577,93.4075668162745
50.1488095238095,92.1719136216454,91.1233766051567,94.465340411386,93.4068907185864
50.1547619047619,92.1713696959583,91.1226951705257,94.4647911072612,93.4062161537346
50.1607142857143,92.1708272184113,91.1220168803568,94.4642443135412,93.4055431217191
50.1666666666667,92.1702861890043,91.1213441657828,94.4637000302261,93.4048721121185
50.1726190476191,92.1697465702188,91.1206770268037,94.4631582573159,93.4042076057049
50.1785714285714,92.1692106946706,91.1200154634196,94.4626190287912,93.4035505458116
50.1845238095238,92.1686810415039,91.1193587255053,94.462084686233,93.4029009324387
50.1904761904762,92.1681576107186,91.1187101965945,94.4615565680585,93.4022587655861
50.1964285714286,92.1676404023148,91.118070995171,94.4610346742676,93.4016240452538
50.2023809523809,92.1671294162925,91.1174411212347,94.4605190048605,93.4009967714418
50.2083333333333,92.1666246526516,91.1168212110979,94.4600117682883,93.4003799561274
50.2142857142857,92.1661266989804,91.1162122301711,94.4595128865218,93.3997742693869
50.2202380952381,92.1656382167971,91.1156137310421,94.4590222657795,93.3991789758174
50.2261904761905,92.1651582891274,91.1150257137109,94.4585399060615,93.3985940754187
50.2321428571429,92.1646869159712,91.1144475915069,94.4580658073677,93.398019568191
50.2380952380952,92.1642240973285,91.1138796495021,94.4575999696982,93.3974554541341
50.2440476190476,92.1637698331994,91.113324130557,94.4571431106005,93.3969017332482
50.25,92.1633241235839,91.1127810346714,94.4566978111825,93.3963629091561
50.2559523809524,92.1628883002406,91.112250848756,94.4562618754693,93.395836299874
50.2619047619048,92.1624639429795,91.1117338053384,94.4558353034609,93.3953211325131
50.2678571428571,92.1620489616585,91.1112286135994,94.4554180951574,93.3948174070733
50.2738095238095,92.1616433562776,91.1107352735391,94.4550102505586,93.3943251235547
50.2797619047619,92.1612471268368,91.1102556332709,94.4546117696647,93.3938442819572
50.2857142857143,92.1608602733361,91.109791037174,94.4542239403227,93.3933748822809
50.2916666666667,92.1604827957754,91.1093377140468,94.4538481996198,93.3929189258276
50.2976190476191,92.1601139053623,91.1088956638891,94.4534820852044,93.3924753205603
50.3035714285714,92.1597545101784,91.1084648867011,94.4531255970768,93.3920439836508
50.3095238095238,92.1594058684714,91.1080453824826,94.4527787352368,93.3916251572433
50.3154761904762,92.1590679802413,91.1076371512337,94.4524414996844,93.3912198179517
50.3214285714286,92.1587393365578,91.1072439858242,94.4521138904198,93.39082648035
50.3273809523809,92.1584207283834,91.1068639048247,94.451797703304,93.3904451444382
50.3333333333333,92.15811269791,91.1064948414248,94.4514931656853,93.3900776365455
50.3392857142857,92.1578152451378,91.1061367956245,94.4511979381435,93.3897248170833
50.3452380952381,92.1575266714038,91.1057897674236,94.4509120206784,93.3893829316342
50.3511904761905,92.1572484061465,91.1054537568224,94.4506354132901,93.3890519801981
50.3571428571429,92.1569804730848,91.1051287638207,94.4503681159787,93.3887319627751
50.3630952380952,92.1567232081841,91.1048134174187,94.450110128744,93.388422879365
50.3690476190476,92.1564756684056,91.1045098935721,94.4498635789665,93.388124729968
50.375,92.1562375614836,91.1042187335882,94.4496276914627,93.3878363497181
50.3809523809524,92.1560105821676,91.1039399898212,94.4494006163048,93.3875593717022
50.3869047619048,92.1557940217739,91.1036743840846,94.4491823534927,93.387294579613
50.3928571428571,92.1555859950976,91.1034197414853,94.4489729030266,93.3870421408681
50.3988095238095,92.1553865021386,91.1031760620233,94.4487722649064,93.3868022212384
50.4047619047619,92.1551955428971,91.1029447810717,94.448580439132,93.3865731373858
50.4107142857143,92.1550131173729,91.1027272233224,94.4483982125934,93.3863548893102
50.4166666666667,92.1548392255661,91.1025194528288,94.448225190821,93.3861501828256
50.4226190476191,92.1546725492261,91.1023214695908,94.4480609634205,93.3859572037745
50.4285714285714,92.1545148082538,91.1021332736084,94.4479055303919,93.3857738767389
50.4345238095238,92.1543662489405,91.1019548648816,94.4477596262384,93.3856002017188
50.4404761904762,92.1542270988847,91.1017862434105,94.4476222797775,93.3854361787144
50.4464285714286,92.1540971674768,91.1016305330272,94.4474932933946,93.3852818077255
50.4523809523809,92.1539754618777,91.1014860517539,94.4473726670895,93.3851370887523
50.4583333333333,92.1538619820874,91.1013507315504,94.4472631994009,93.3850062827263
50.4642857142857,92.1537574327636,91.1012245724167,94.4471612843089,93.384884844141
50.4702380952381,92.1536610911007,91.1011075743528,94.4470668735158,93.3847724228839
50.4761904761905,92.1535725115167,91.1009997373587,94.4469799670214,93.384669018955
50.4821428571429,92.1534916940117,91.1009010614345,94.4469005648258,93.3845746323543
50.4880952380952,92.153420085112,91.1008103776774,94.446828666929,93.3844892630818
50.4940476190476,92.1533572682164,91.1007293485236,94.4467652169936,93.3844131556879
50.5,92.1533014362855,91.1006585251997,94.4467110744853,93.3843501856091
50.5059523809524,92.1532525893194,91.1005981492656,94.4466638771278,93.3842956300731
50.5119047619048,92.1532107273182,91.100548085947,94.446623624921,93.38424948908
50.5178571428571,92.1531758502818,91.1005070653296,94.4465903178648,93.3842117626296
50.5238095238095,92.1531479582102,91.1004750874135,94.4465639559594,93.3841824507221
50.5297619047619,92.1531260134731,91.1004549686215,94.4465445392047,93.3841615533574
50.5357142857143,92.1531112351097,91.1004441362113,94.446531452443,93.384149776683
50.5416666666667,92.1531040043661,91.1004413327786,94.4465248276218,93.3841497499902
50.5476190476191,92.1531045000538,91.1004465583235,94.4465256366737,93.3841575961149
50.5535714285714,92.1531124974106,91.1004598128457,94.4465338397568,93.3841733150572
50.5595238095238,92.1531272652356,91.1004810963455,94.4465478479729,93.384196906817
50.5654761904762,92.1531488035285,91.1005106441424,94.4465690264442,93.3842283713943
50.5714285714286,92.1531789844927,91.1005521149395,94.4465973751706,93.3842677087892
50.5773809523809,92.1532158047218,91.1006011024572,94.4466321718182,93.3843144728185
50.5833333333333,92.1532587280292,91.1006576066955,94.4466735262276,93.3843684412775
50.5892857142857,92.153307754415,91.1007216276544,94.4467218267708,93.3844311096111
50.5952380952381,92.1533628838791,91.1007931653339,94.446777172461,93.3845024778196
50.6011904761905,92.1534241164215,91.1008722197341,94.4468389299225,93.3845829402704
50.6071428571429,92.1534918474294,91.1009595154064,94.4469067408654,93.3846712249045
50.6130952380952,92.1535678313551,91.1010574112566,94.4469800613295,93.384767304116
50.6190476190476,92.1536494780826,91.1011624186557,94.4470598857672,93.3848701885275
50.625,92.153736787612,91.1012745376037,94.447146031865,93.3849806496532
50.6309523809524,92.1538297599433,91.1013937681006,94.4472374971023,93.385099245711
50.6369047619048,92.1539283950764,91.1015201101463,94.4473352765617,93.3852262386244
50.6428571428571,92.1540326930114,91.1016535637409,94.4474393269851,93.3853610229479
50.6488095238095,92.1541433345879,91.1017952029452,94.4475486973756,93.3855031258179
50.6547619047619,92.1542613003578,91.1019463513482,94.4476642167165,93.3856535409781
50.6607142857143,92.154384604274,91.1021042227849,94.4477859665102,93.385812802126
50.6666666666667,92.1545132463364,91.1022688172553,94.4479136324841,93.3859785988524
50.6726190476191,92.1546472265452,91.1024401347595,94.4480469503064,93.3861509311573
50.6785714285714,92.1547865449002,91.1026181752974,94.4481875943615,93.3863297990408
50.6845238095238,92.1549312014016,91.102802938869,94.4483335710262,93.3865152025027
50.6904761904762,92.1550817134251,91.102995823274,94.448484613195,93.3867071415431
50.6964285714286,92.1552383601578,91.1031972712547,94.448640720868,93.3869066975969
50.7023809523809,92.1554002484606,91.1034050621605,94.448801894045,93.3871132403424
50.7083333333333,92.1555673783337,91.1036191959913,94.4489681327263,93.3873262731389
50.7142857142857,92.155739749777,91.1038396727471,94.44914003805,93.3875457959863
50.7202380952381,92.1559176257622,91.104066492428,94.4493183249534,93.3877717699358
50.7261904761905,92.1561015183154,91.1042996550338,94.4495013733309,93.3880032851084
50.7321428571429,92.1562903774518,91.1045408753509,94.4496891831825,93.3882416805393
50.7380952380952,92.1564842031714,91.1047898247384,94.4498817545083,93.3884865964317
50.7440476190476,92.1566829954742,91.1050447472465,94.4500790873082,93.3887374309593
50.75,92.1568868819876,91.1053056428752,94.4502811815823,93.3889949814046
50.7559523809524,92.157097481437,91.1055725116245,94.4504888671391,93.3892586952675
50.7619047619048,92.1573126670101,91.1058453534944,94.4507022991463,93.3895285951917
50.7678571428571,92.1575324387069,91.1061241684849,94.450920219962,93.3898051348625
50.7738095238095,92.1577567965273,91.1064109699348,94.4511426295863,93.3900881810448
50.7797619047619,92.1579857404714,91.106704716101,94.4513695280189,93.3903773111226
50.7857142857143,92.1582192705391,91.1070040973955,94.4516009152601,93.3906746569734
50.7916666666667,92.1584579670143,91.1073091138184,94.4518367913097,93.3909776809629
50.7976190476191,92.1587025265043,91.1076197653696,94.4520781205604,93.3912861078781
50.8035714285714,92.1589514325722,91.1079360520491,94.4523246349122,93.3915999377188
50.8095238095238,92.1592046852181,91.1082579738569,94.4525754043059,93.391919170485
50.8154761904762,92.159462284442,91.1085877043669,94.4528304287415,93.3922438061768
50.8214285714286,92.1597242302439,91.1089236437081,94.453089708219,93.3925747278087
50.8273809523809,92.1599905226237,91.1092649386594,94.4533532427384,93.3929127270969
50.8333333333333,92.1602619828107,91.1096115892206,94.4536210322997,93.3932558371243
50.8392857142857,92.1605388221577,91.1099635953917,94.4538941845357,93.3936040578911
50.8452380952381,92.1608197686615,91.1103209571729,94.4541720463599,93.3939573893971
50.8511904761905,92.161104822322,91.1106836745641,94.4544539324357,93.3943158316424
50.8571428571429,92.1613939831392,91.1110512453545,94.454739842763,93.394679384627
50.8630952380952,92.1616872511131,91.1114246884275,94.4550297773419,93.3950492900387
50.8690476190476,92.1619846262437,91.1118042644762,94.4553237361724,93.3954256194252
50.875,92.1622870856277,91.1121896159185,94.4556217192545,93.3958067800201
50.8809523809524,92.1625944218829,91.1125806921207,94.4559230893534,93.3961927718234
50.8869047619048,92.1629056699639,91.1129781450802,94.4562285684349,93.3965835948351
50.8928571428571,92.1632208298708,91.11338072637,94.4565384232846,93.3969792490552
50.8988095238095,92.1635399016035,91.11378843599,94.4568526539024,93.3973797344837
50.9047619047619,92.1638628851622,91.1142012739405,94.4571715289936,93.3977865054998
50.9107142857143,92.1641897805467,91.1146202904052,94.4574946013793,93.3981990624289
50.9166666666667,92.1645216639803,91.1150455434444,94.4578215633769,93.3986162191598
50.9226190476191,92.1648579669282,91.1154754658172,94.4581524149864,93.3990379756924
50.9285714285714,92.165198008908,91.1159100575236,94.4584877357034,93.3994643320267
50.9345238095238,92.1655417899197,91.1163493185636,94.4588276109481,93.3998952881627
50.9404761904762,92.1658893099634,91.1167932489372,94.4591710679226,93.4003308441005
50.9464285714286,92.1662405690388,91.1172418486443,94.4595181066269,93.4007726617506
50.9523809523809,92.1665955671462,91.1176967906793,94.4598687270611,93.4012196972657
50.9583333333333,92.1669549333209,91.11815699375,94.4602229292251,93.4016710957546
50.9642857142857,92.1673182619767,91.1186216415601,94.4605807131189,93.4021268572173
50.9702380952381,92.1676853256041,91.1190907341096,94.460942863235,93.402586981654
50.9761904761905,92.1680561242031,91.1195642713985,94.4613088693544,93.4030514690645
50.9821428571429,92.1684306577737,91.1200422534268,94.4616783684014,93.4035203194488
50.9880952380952,92.1688091544341,91.1205246801945,94.4620513603761,93.4039938692643
50.9940476190476,92.1691913646568,91.1210117807854,94.4624278452785,93.404472093684
51,92.1695772611516,91.1215036717464,94.4628078231086,93.4049549246519
51,92.1695772611516,91.1215036717464,94.4628078231086,93.4049549246519
51.0059523809524,92.1699102494443,91.1219246654303,94.4631370316948,93.4053704343749
51.0119047619048,92.1701419914317,91.1222086740179,94.4633648797579,93.405650805941
51.0178571428571,92.1702764423712,91.1223703255584,94.4635050260744,93.4058065330942
51.0238095238095,92.1703340884132,91.1224227894342,94.463556668201,93.405856608647
51.0297619047619,92.1703171202595,91.1223761118782,94.4635414100226,93.4058145883228
51.0357142857143,92.1702329148288,91.1222385938064,94.4634597640917,93.4056781853511
51.0416666666667,92.1700854316256,91.1220287629312,94.4633096426322,93.405470375452
51.0476190476191,92.1698815736088,91.1217433959729,94.4631114620695,93.405196223399
51.0535714285714,92.1696248273726,91.1214002340424,94.4628671355794,93.4048609495904
51.0595238095238,92.1693253668622,91.1210073649031,94.4625743780797,93.4044733618476
51.0654761904762,92.1689924742729,91.1205626291666,94.4622408500936,93.4040328993646
51.0714285714286,92.1686261496048,91.1200742163973,94.4618784803256,93.4035507936897
51.0773809523809,92.1682238580188,91.119555578675,94.4614872687758,93.4030327149676
51.0833333333333,92.1677945589133,91.1190067159996,94.4610660044874,93.4024767767953
51.0892857142857,92.1673469745489,91.1184248312763,94.4606169549607,93.4019009308494
51.0952380952381,92.1668811049254,91.1178218819227,94.4601531746603,93.40130517713
51.1011904761905,92.166396950043,91.1172042675541,94.4596746635864,93.4006895156371
51.1071428571429,92.1658920937621,91.1165719881705,94.4591814217389,93.4000514838973
51.1130952380952,92.1653791613217,91.1159243458602,94.458671883867,93.3994033428404
51.1190476190476,92.1648595925017,91.1152629714784,94.458150572611,93.3987485878525
51.125,92.1643333873023,91.1145985166852,94.4576252008753,93.3980872189336
51.1309523809524,92.1638005457234,91.1139309814806,94.4570957686599,93.3974192360838
51.1369047619048,92.163259859682,91.1132603658645,94.4565622759648,93.3967435472725
51.1428571428571,92.1627165990333,91.1125866698369,94.45602472279,93.3960681154658
51.1488095238095,92.1621748262906,91.1119101336658,94.4554822230277,93.395395218757
51.1547619047619,92.1616345414539,91.1112379073343,94.4549405919718,93.3947248571461
51.1607142857143,92.1610957445232,91.1105703684617,94.4544021491808,93.3940570306332
51.1666666666667,92.1605584354986,91.1099075170478,94.4538668946549,93.3933917392183
51.1726190476191,92.1600224949574,91.1092493530927,94.453334828394,93.3927286551199
51.1785714285714,92.1594887279972,91.1085958765964,94.4528059503981,93.3920723907349
51.1845238095238,92.1589607955043,91.1079493673573,94.4522802606673,93.3914237690008
51.1904761904762,92.1584386974788,91.1073120623521,94.4517590700605,93.3907827899173
51.1964285714286,92.1579224339207,91.1066836218682,94.4512450457685,93.3901484884987
51.2023809523809,92.1574110537598,91.1060640459056,94.4507382605942,93.3895231884379
51.2083333333333,92.156907465844,91.1054533344643,94.4502387145376,93.38890830758
51.2142857142857,92.1564120826951,91.1048514875443,94.4497464075985,93.388303845925
51.2202380952381,92.1559249043131,91.1042585051456,94.4492613397771,93.3877102021412
51.2261904761905,92.1554464219286,91.1036787807305,94.4487835110733,93.3871281375333
51.2321428571429,92.154977081667,91.1031105137613,94.4483159485818,93.3865572029848
51.2380952380952,92.1545166815016,91.1025531314507,94.4478576606625,93.3859973984956
51.2440476190476,92.1540652214326,91.1020066337986,94.4474083236362,93.3854518708859
51.25,92.1536254113,91.1014710208052,94.446967937503,93.3849190598307
51.2559523809524,92.1531953367421,91.1009462924704,94.4465365022629,93.3843975827073
51.2619047619048,92.152774560745,91.1004324487941,94.446114017916,93.3838874395158
51.2678571428571,92.1523630833087,91.0999352934595,94.4457004844621,93.3833886302563
51.2738095238095,92.1519609044331,91.0994496508783,94.4452996705694,93.3829011549286
51.2797619047619,92.1515680241183,91.0989753584976,94.4449084757129,93.3824251285412
51.2857142857143,92.1511851728661,91.0985124163176,94.4445268409502,93.3819661027719
51.2916666666667,92.150815045985,91.0980608243383,94.4441547662814,93.3815185339853
51.2976190476191,92.1504543469071,91.0976205825595,94.4437922517065,93.3810824221815
51.3035714285714,92.1501030756321,91.0971921693744,94.4434392972254,93.3806577673605
51.3095238095238,92.1497612321603,91.0967806234147,94.4430962752514,93.3802445695222
51.3154761904762,92.1494288164916,91.0963802941208,94.4427664135702,93.3798428286667
51.3214285714286,92.1491058286259,91.0959911814927,94.4424459716627,93.3794533993231
51.3273809523809,92.148793478534,91.0956132855304,94.4421349495289,93.3790802777486
51.3333333333333,92.1484932400437,91.0952466062339,94.4418333471689,93.3787182816046
51.3392857142857,92.1482022134086,91.0948911436032,94.4415411645825,93.3783674108913
51.3452380952381,92.1479203986288,91.0945480113019,94.4412584017698,93.3780276656087
51.3511904761905,92.1476477957043,91.0942206693885,94.440984692965,93.3776990457567
51.3571428571429,92.1473844046351,91.0939040613747,94.4407195183014,93.3773815513353
51.3630952380952,92.147130225421,91.0935981872605,94.44046471057,93.3770748285844
51.3690476190476,92.1468847888765,91.0933030470458,94.4402202697706,93.3767790467971
51.375,92.1466485150193,91.0930186407306,94.4399866236149,93.3764958291711
51.3809523809524,92.1464224140616,91.092744968315,94.4397627019705,93.3762248031913
51.3869047619048,92.146206107286,91.0924836845222,94.439548113293,93.375966533593
51.3928571428571,92.146000177698,91.0922367148739,94.4393426369926,93.375722696479
51.3988095238095,92.1458055342923,91.0919998946073,94.4391451487446,93.3754890768299
51.4047619047619,92.1456192917709,91.0917732237223,94.4389573436507,93.3752656746458
51.4107142857143,92.1454414501338,91.091556702219,94.4387792217109,93.3750524899266
51.4166666666667,92.1452720093809,91.0913503300973,94.4386111522124,93.3748495226723
51.4226190476191,92.1451109695122,91.0911541073573,94.4384521088364,93.374656772883
51.4285714285714,92.1449583305279,91.0909702731069,94.438301751764,93.3744730357749
51.4345238095238,92.1448166020117,91.0907992513627,94.4381608161195,93.3742997683222
51.4404761904762,92.1446837638727,91.0906377289169,94.4380305443524,93.3741376937259
51.4464285714286,92.1445587213203,91.0904857057698,94.4379080487565,93.3739870087443
51.4523809523809,92.1444414743543,91.0903431819211,94.4377933293318,93.3738477007473
51.4583333333333,92.1443320229748,91.090210157371,94.4376863860782,93.3737183368551
51.4642857142857,92.1442303671819,91.0900866321194,94.4375872189959,93.3735989170678
51.4702380952381,92.1441365069754,91.0899752353704,94.4374958280847,93.3734922611676
51.4761904761905,92.1440533066842,91.0898752045335,94.4374140168648,93.3733959706093
51.4821428571429,92.1439779038614,91.0897840695456,94.437340893089,93.3733084887159
51.4880952380952,92.1439097213176,91.0897018304067,94.4372749721211,93.3732298154875
51.4940476190476,92.143848759053,91.0896284871169,94.437216253961,93.3731599509239
51.5,92.1437950170673,91.0895640396762,94.4371647386087,93.3730988950253
51.5059523809524,92.1437484953607,91.0895084880845,94.4371204260644,93.3730467047801
51.5119047619048,92.1437091939332,91.0894647251925,94.4370833163278,93.3730074496188
51.5178571428571,92.1436799083791,91.0894310261241,94.4370554812419,93.3729764352912
51.5238095238095,92.1436575291277,91.0894056725224,94.4370353033416,93.3729536617972
51.5297619047619,92.143641907836,91.0893886643876,94.4370217893519,93.3729391291369
51.5357142857143,92.1436330445037,91.0893800017194,94.4370149392726,93.3729328373103
51.5416666666667,92.143630939131,91.0893796845181,94.4370147531038,93.3729347863173
51.5476190476191,92.1436355917179,91.0893877127834,94.4370212308455,93.3729455424975
51.5535714285714,92.143647188219,91.0894072865787,94.4370343724976,93.3729678345574
51.5595238095238,92.1436681084504,91.0894358026809,94.4370563258581,93.3729978470344
51.5654761904762,92.1436952945298,91.0894721186289,94.4370850490129,93.3730355799285
51.5714285714286,92.1437287464573,91.0895162344228,94.4371199795245,93.3730810332396
51.5773809523809,92.1437684642328,91.0895681500626,94.4371611173929,93.3731342069678
51.5833333333333,92.1438144478565,91.0896278655484,94.437208462618,93.3731951011131
51.5892857142857,92.1438666973282,91.08969538088,94.4372620152,93.3732646575453
51.5952380952381,92.1439249746119,91.089774052094,94.4373217751387,93.3733445637668
51.6011904761905,92.143988698252,91.0898606510081,94.4373866217179,93.3734317096432
51.6071428571429,92.1440592205298,91.0899545901627,94.437458016032,93.3735260951744
51.6130952380952,92.1441365414453,91.0900558695578,94.4375360771826,93.3736277203604
51.6190476190476,92.1442209337269,91.0901644891933,94.4376210204767,93.3737365852012
51.625,92.1443115770381,91.0902804490692,94.4377122599267,93.3738526896969
51.6309523809524,92.1444083351765,91.0904037491855,94.4378095234045,93.3739773252446
51.6369047619048,92.1445121825491,91.0905380634541,94.4379134136786,93.3741112684057
51.6428571428571,92.1446230064523,91.0906793792827,94.4380244785176,93.3742519959317
51.6488095238095,92.1447393219916,91.0908275589621,94.4381409685195,93.3743995078226
51.6547619047619,92.1448611291667,91.0909826024921,94.4382628836841,93.3745538040783
51.6607142857143,92.1449884279778,91.0911445098729,94.4383902240116,93.3747148846989
51.6666666666667,92.1451212184247,91.0913132811044,94.4385229895019,93.3748827496844
51.6726190476191,92.1452595005076,91.0914892104693,94.4386611801551,93.3750589813378
51.6785714285714,92.1454050148021,91.0916753180569,94.4388061108554,93.375243566688
51.6845238095238,92.1455562344747,91.0918678876054,94.4389569365193,93.375434530079
51.6904761904762,92.1457126018974,91.0920669191151,94.4391128377803,93.3756318715109
51.6964285714286,92.1458741170702,91.0922724125858,94.4392738146384,93.3758355909837
51.7023809523809,92.1460407799932,91.0924843680176,94.4394398670934,93.3760456884973
51.7083333333333,92.1462125906662,91.0927027854104,94.4396109951455,93.3762621640518
51.7142857142857,92.1463895490894,91.0929283324917,94.4397871987947,93.3764868898602
51.7202380952381,92.1465735967757,91.0931630243686,94.4399701184807,93.3767191121668
51.7261904761905,92.146762726828,91.0934038200231,94.4401583175635,93.3769573268063
51.7321428571429,92.1469566978068,91.093650719455,94.440351239809,93.3772015337787
51.7380952380952,92.147155509712,91.0939037226643,94.4405488852172,93.3774517330841
51.7440476190476,92.1473591625437,91.0941628296511,94.440751253788,93.3777079247225
51.75,92.1475676563017,91.0944280404153,94.4409583455215,93.3779701086937
51.7559523809524,92.1477809867634,91.0947003306852,94.4411701604176,93.3782404274316
51.7619047619048,92.147998550816,91.0949808233158,94.4413883317669,93.3785174686057
51.7678571428571,92.1482214217807,91.0952670970665,94.4416112539237,93.3788001514157
51.7738095238095,92.1484496865312,91.0955591519373,94.4418386671775,93.3790884758617
51.7797619047619,92.1486830768126,91.0958569879281,94.4420705715282,93.3793824419436
51.7857142857143,92.148921353828,91.096160605039,94.4423069669757,93.3796820496614
51.7916666666667,92.1491654251599,91.09647000327,94.4425478535202,93.3799872990152
51.7976190476191,92.1494142089902,91.096786415309,94.4427932311615,93.3803005768541
51.8035714285714,92.1496675081204,91.0971102000853,94.44304410626,93.3806198620393
51.8095238095238,92.1499253225504,91.0974394652441,94.443299413512,93.3809444694089
51.8154761904762,92.1501876522805,91.0977742107856,94.4435591285912,93.3812743989629
51.8214285714286,92.1504553570308,91.0981144367097,94.4438232514977,93.3816096507012
51.8273809523809,92.1507283920134,91.0984601430164,94.4440917822314,93.3819502246239
51.8333333333333,92.1510055974239,91.0988113297057,94.4443655502849,93.3822961207309
51.8392857142857,92.1512869732622,91.0991694601887,94.44464352098,93.3826497692293
51.8452380952381,92.1515725195283,91.0995342264067,94.4449256821055,93.3830087852476
51.8511904761905,92.1518622362222,91.0999041806857,94.4452120336614,93.3833728703415
51.8571428571429,92.1521561233439,91.1002793230257,94.4455025756477,93.383742024511
51.8630952380952,92.1524553158524,91.1006596534267,94.445798862957,93.384116247756
51.8690476190476,92.1527591264921,91.1010451718887,94.4460990341464,93.3844955400768
51.875,92.15306693486,91.1014358784117,94.44640308402,93.3848799106563
51.8809523809524,92.153378740956,91.1018335222933,94.4467110125778,93.3852717957107
51.8869047619048,92.1536945447802,91.1022371590367,94.4470228198199,93.3856685013359
51.8928571428571,92.1540143463326,91.1026456824234,94.4473385057463,93.3860700275319
51.8988095238095,92.1543381456131,91.1030590924535,94.4476584653846,93.3864763742987
51.9047619047619,92.1546672583608,91.1034773891268,94.4479834516386,93.3868875416363
51.9107142857143,92.1550005604965,91.1039005724435,94.4483121300904,93.3873035295447
51.9166666666667,92.1553376499733,91.1043286424035,94.4486445007402,93.387724454191
51.9226190476191,92.1556785267912,91.1047635582241,94.4489805635878,93.38815113041
51.9285714285714,92.1560231909503,91.105203850569,94.4493203186332,93.3885826668443
51.9345238095238,92.1563716424504,91.1056487754484,94.4496637658765,93.389019063494
51.9404761904762,92.1567238812917,91.1060983328623,94.4500114704586,93.3894603203591
51.9464285714286,92.1570794484375,91.1065525228107,94.450363765871,93.3899071669162
51.9523809523809,92.1574390939537,91.1070113452936,94.4507195772562,93.3903587727999
51.9583333333333,92.1578029566092,91.107474800311,94.4510789046141,93.3908150087362
51.9642857142857,92.158170822626,91.1079450723302,94.4514417479448,93.3912758747253
51.9702380952381,92.1585424826721,91.1084201487987,94.4518081072482,93.391740996694
51.9761904761905,92.1589173909447,91.1088996026006,94.4521779825243,93.3922107807351
51.9821428571429,92.159296316345,91.1093834337361,94.4525515588686,93.392685579624
51.9880952380952,92.159679258873,91.1098716422051,94.4529289124293,93.3931651272267
51.9940476190476,92.1600662211412,91.1103642280076,94.4533098475884,93.393649321078
52,92.1604570161501,91.1108611911437,94.453694364346,93.394138151534
